-6.578139397058266891e-01	3.416812507625855422e-01	-1.870595980919513568e-01	-1.441233615181593264e-01	-1.858514610722562244e-01
-6.578967915288908008e-01	3.416776968327051578e-01	-1.870745689173268222e-01	-1.441236695542857937e-01	-1.858287447382108992e-01
-6.578778786168576476e-01	3.417010745930045279e-01	-1.870097081434375919e-01	-1.441403071694540294e-01	-1.858554212350469192e-01
-6.578826742279949569e-01	3.416981192757290176e-01	-1.870712190049815815e-01	-1.440940632331344229e-01	-1.858518232303238149e-01
-6.577696760350630889e-01	3.416791635409240913e-01	-1.870650644847960398e-01	-1.441203292185492535e-01	-1.858396308688229359e-01
-6.578623861414860663e-01	3.416079932265163044e-01	-1.870869622846933478e-01	-1.440982932002544126e-01	-1.858608941807746440e-01
-6.578056495864874620e-01	3.416672297050812879e-01	-1.870162202620003211e-01	-1.441452309535494747e-01	-1.858413329031214645e-01
-6.578641928016795148e-01	3.416718838017068216e-01	-1.870997773645564910e-01	-1.441919655112941789e-01	-1.858536537926959720e-01
-6.578178879471427987e-01	3.416311618270315154e-01	-1.870275275136695226e-01	-1.441033023018265247e-01	-1.858658256866540792e-01
-6.578693223822781322e-01	3.416467570977553825e-01	-1.870574889080570957e-01	-1.441203795038661639e-01	-1.858515188998534351e-01
-6.578997261208772152e-01	3.416756513584750521e-01	-1.870701829489760937e-01	-1.441240500999994567e-01	-1.858517288940203238e-01
-6.578672865506239864e-01	3.416758841703213534e-01	-1.870503953730955626e-01	-1.441529428772653776e-01	-1.858501185928613797e-01
-6.578545080790506594e-01	3.416594190817042187e-01	-1.870584939233294053e-01	-1.441202418522320727e-01	-1.858486358548895045e-01
-6.578010987014786259e-01	3.416647612594317929e-01	-1.870568622352022647e-01	-1.441203219121022783e-01	-1.858422458018557377e-01
-6.578952371926312104e-01	3.416750787333728279e-01	-1.870527773807489635e-01	-1.441235166087746489e-01	-1.858504930220340468e-01
-6.578852183669036124e-01	3.416738776730378624e-01	-1.870599104245026234e-01	-1.441230011520439891e-01	-1.858518561692656113e-01
-6.578967777780764248e-01	3.416564067642862135e-01	-1.870603459853947270e-01	-1.441171211287958775e-01	-1.858361354294228718e-01
-6.578555608091640750e-01	3.416616393058758416e-01	-1.870534798078628824e-01	-1.441044708893673421e-01	-1.858424720643787331e-01
-6.578735129863297892e-01	3.416747867753767709e-01	-1.870574158071929838e-01	-1.441271457927718325e-01	-1.858513049419145968e-01
-6.578879560828855277e-01	3.416611035209944358e-01	-1.870621578823733477e-01	-1.441141248841794620e-01	-1.858385571019049165e-01
-6.578391233120235437e-01	3.416665154488424672e-01	-1.870614422237545649e-01	-1.441238356097099271e-01	-1.858497451671462797e-01
-6.578570963816467998e-01	3.416667464145298760e-01	-1.870729018427439716e-01	-1.441243937028597877e-01	-1.858462598959945422e-01
-6.578599311447119735e-01	3.416644899890100562e-01	-1.870586691345794417e-01	-1.441333712943899947e-01	-1.858438858342520983e-01
-6.578311019462793618e-01	3.416776127883527359e-01	-1.870312550438077703e-01	-1.441115727920526113e-01	-1.858512309524814887e-01
-6.578612261440635045e-01	3.416734511683343078e-01	-1.870640478344184621e-01	-1.441239565195893413e-01	-1.858509690653815383e-01
-6.578751633124503284e-01	3.415888542002606387e-01	-1.870699345106581479e-01	-1.441221365919446995e-01	-1.858501868575342386e-01
-6.577685671057724726e-01	3.416727097517286982e-01	-1.870625508254794844e-01	-1.441150031078947402e-01	-1.858531613075092570e-01
-6.578454957010456683e-01	3.416809121930513005e-01	-1.870995996700517972e-01	-1.441605049299836960e-01	-1.858824633954046512e-01
-6.578002265638359658e-01	3.416665713321347386e-01	-1.870523388116816510e-01	-1.441300078232133630e-01	-1.858572378626484889e-01
-6.578641911885100280e-01	3.417297828990197295e-01	-1.870569332238477545e-01	-1.441532344806781829e-01	-1.858352643411417260e-01
-6.578735374249845558e-01	3.416737569881391212e-01	-1.871184663557950434e-01	-1.441246212930902271e-01	-1.858454921446836272e-01
-6.578276649170866630e-01	3.416633642235108459e-01	-1.870647645981750873e-01	-1.441293915061576947e-01	-1.858473869176007487e-01
-6.578371297329241862e-01	3.416750892731958977e-01	-1.870532883863882945e-01	-1.441247014998866260e-01	-1.859046112017905261e-01
-6.578576801251092565e-01	3.417164974730543814e-01	-1.870798518081869533e-01	-1.441252756176582550e-01	-1.858522826278011242e-01
-6.578821777918713032e-01	3.416753745136640874e-01	-1.870653244003217808e-01	-1.441261299317608546e-01	-1.858465533603364528e-01
-6.578615493466147823e-01	3.416697850830192063e-01	-1.869983791842466103e-01	-1.441376645846122462e-01	-1.858616557718915652e-01
-6.578833259870585648e-01	3.416997379457513695e-01	-1.870145170390390132e-01	-1.441234253872238913e-01	-1.858742570552725237e-01
-6.579325517443187499e-01	3.416508121412502041e-01	-1.870483133466658843e-01	-1.441166302085714890e-01	-1.858550390676018127e-01
-6.577773983667128954e-01	3.416722030406554866e-01	-1.870640356998558296e-01	-1.441232401589581935e-01	-1.858507729440472822e-01
-6.578437800891253628e-01	3.417163255717191594e-01	-1.870610605426350492e-01	-1.441230825273522587e-01	-1.858503287185490072e-01
-6.578602849966241894e-01	3.417189621407212829e-01	-1.870777748661258399e-01	-1.441236040852175437e-01	-1.858516787392850145e-01
-6.577934328301614508e-01	3.416737519247001198e-01	-1.870633855323954875e-01	-1.441232603786516964e-01	-1.858511967133224252e-01
-6.578465083118498757e-01	3.416309906135319152e-01	-1.870319927286379080e-01	-1.441007641942353978e-01	-1.858462109805915363e-01
-6.577921212565558395e-01	3.416765671594176879e-01	-1.870507308482925735e-01	-1.441177996445565102e-01	-1.858516411113446676e-01
-6.578531932423430373e-01	3.417005582110248518e-01	-1.870620394155450283e-01	-1.441197306722770410e-01	-1.858517254434041144e-01
-6.578482659482508543e-01	3.416790196800161272e-01	-1.870590797518233428e-01	-1.441114261774054106e-01	-1.858603283563874109e-01
-6.578084783047428719e-01	3.416698738170085292e-01	-1.870706637375147974e-01	-1.441167176527530791e-01	-1.858530595151326459e-01
-6.578293485959954001e-01	3.416102825854193670e-01	-1.870665446525276998e-01	-1.441547856507049141e-01	-1.858245882113496728e-01
-6.578220792377242887e-01	3.416101924312845983e-01	-1.870524729191506974e-01	-1.441233124827495105e-01	-1.858512079642377912e-01
-6.578421103541027826e-01	3.415984270209569407e-01	-1.870459497306838914e-01	-1.441206855032903245e-01	-1.858423581067987773e-01
-6.577784699941594537e-01	3.416772940265114800e-01	-1.870646877929826035e-01	-1.441237693512496254e-01	-1.858511238279227373e-01
-6.578994031113919450e-01	3.416715369031593785e-01	-1.870631439105707450e-01	-1.441255807259775312e-01	-1.858516090055251924e-01
-6.579081596367556406e-01	3.416843010964487060e-01	-1.870580840766205566e-01	-1.441222336350571065e-01	-1.858515413832476371e-01
-6.578231212801818328e-01	3.416834659678197883e-01	-1.870656997530905363e-01	-1.441214476341656225e-01	-1.858565998582096257e-01
-6.578785750040822000e-01	3.416249546147758775e-01	-1.870631438423663029e-01	-1.441233204790251243e-01	-1.858510070467727926e-01
-6.577870667354135392e-01	3.416690684664809297e-01	-1.870727310450147896e-01	-1.441224857863450393e-01	-1.858513278550267267e-01
-6.578602073596880873e-01	3.416567744952238583e-01	-1.871218318979351591e-01	-1.440996995454391638e-01	-1.858504526813052615e-01
-6.579342104549208425e-01	3.416779123967501608e-01	-1.870635899693857407e-01	-1.441235132014268838e-01	-1.858511451216060262e-01
-6.579066749103019696e-01	3.416523600199690702e-01	-1.870605081983183482e-01	-1.441286753008047539e-01	-1.858557547589684555e-01
-6.578482280440645091e-01	3.416435776757952847e-01	-1.870678041435844263e-01	-1.441226873324024937e-01	-1.858635821469691862e-01
-6.579295533312043975e-01	3.416908441561455900e-01	-1.870950573713484610e-01	-1.441301880559445470e-01	-1.858470673976235499e-01
-6.578342536994160605e-01	3.416481533176275454e-01	-1.870575673440624809e-01	-1.441199110499989389e-01	-1.858611424217091745e-01
-6.578642897223435648e-01	3.417171504807325344e-01	-1.870630374871928570e-01	-1.441233682464021226e-01	-1.858520628828678467e-01
-6.578255781808628466e-01	3.416987795165639108e-01	-1.870639631925599677e-01	-1.441252628045467943e-01	-1.858497166393368316e-01
-6.578774958590559718e-01	3.415929206076613323e-01	-1.870671562388820930e-01	-1.441214983043714037e-01	-1.858511859130953792e-01
-6.579513867992452525e-01	3.416708623563436964e-01	-1.870537782058172005e-01	-1.441270309120665227e-01	-1.858563502950489610e-01
-6.578411361687694914e-01	3.416932169622873827e-01	-1.870577402789834476e-01	-1.440689421489946831e-01	-1.858377719194661548e-01
-6.578160116248519262e-01	3.417129858623164651e-01	-1.870644501890125766e-01	-1.441232842235614375e-01	-1.858391910215057563e-01
-6.578946291485917586e-01	3.416435390286287621e-01	-1.871037470635629474e-01	-1.441230591423872665e-01	-1.858176124212367331e-01
-6.578651235966995747e-01	3.416603328321681787e-01	-1.870338846319613002e-01	-1.441252052487368984e-01	-1.858446724724343579e-01
-6.578750321071026308e-01	3.416280454443775816e-01	-1.870633962908878622e-01	-1.441252857585248737e-01	-1.858486608942825080e-01
-6.579133841392584836e-01	3.416743862784341612e-01	-1.870629578110117874e-01	-1.441241690969554679e-01	-1.858512380879309700e-01
-6.578658471956125853e-01	3.416665977449537261e-01	-1.870710190551973795e-01	-1.441044346626645656e-01	-1.859296401272421961e-01
-6.577872404766701431e-01	3.416803227316279057e-01	-1.870739238315091701e-01	-1.441003368333211299e-01	-1.858428435389467559e-01
-6.578428625446881561e-01	3.416670326410885528e-01	-1.870929777980924191e-01	-1.441485830247959676e-01	-1.858497358905255026e-01
-6.578631672279159348e-01	3.416621084156555299e-01	-1.870746405525119671e-01	-1.441250606379551324e-01	-1.858109032326318022e-01
-6.579120242541478536e-01	3.416583833048588703e-01	-1.870728249831195011e-01	-1.440975316885302060e-01	-1.858383787075155169e-01
-6.578591392358269507e-01	3.416788663807086568e-01	-1.870634922678209577e-01	-1.441217789458752729e-01	-1.858517166466308601e-01
-6.578349297178370803e-01	3.415812831108983039e-01	-1.870699149881361878e-01	-1.441214852383485567e-01	-1.858624387646370391e-01
-6.578649618853253944e-01	3.416642060200497655e-01	-1.870665051392989553e-01	-1.441286162473382759e-01	-1.858502855025644662e-01
-6.578622240057659942e-01	3.416409674680493391e-01	-1.870600473549499654e-01	-1.441237238096101381e-01	-1.858512764855926869e-01
-6.578549753990815541e-01	3.416719059325994401e-01	-1.870762318854736483e-01	-1.441458385713717538e-01	-1.858648405327236741e-01
-6.578981984277828543e-01	3.416552071125829038e-01	-1.870547424364396583e-01	-1.441076393112062926e-01	-1.858434505416587113e-01
-6.578816030633601875e-01	3.417093071439591956e-01	-1.870424284377275037e-01	-1.441174966076903818e-01	-1.858143608492820731e-01
-6.578016177720500401e-01	3.416793287581137983e-01	-1.870683189559241011e-01	-1.441299112001224458e-01	-1.858564438140959951e-01
-6.579153037874347909e-01	3.416379262484859347e-01	-1.870401246739239187e-01	-1.441226464614814295e-01	-1.858539766851528829e-01
-6.578770031052154632e-01	3.417003372662844041e-01	-1.870291742629095200e-01	-1.441140115847042713e-01	-1.858583080482743566e-01
-6.577776351139305033e-01	3.416585475060729404e-01	-1.870600246552919232e-01	-1.441131952379406667e-01	-1.858563452224913648e-01
-6.578356407456539268e-01	3.416265601556164877e-01	-1.870442671641918131e-01	-1.441115261078961263e-01	-1.858485307699426770e-01
-6.577700652355995548e-01	3.416695772828765576e-01	-1.870680846451333590e-01	-1.441198815090196095e-01	-1.858560778387714219e-01
-6.579100912071631502e-01	3.416658596082475241e-01	-1.870554490637338640e-01	-1.441175168416852503e-01	-1.858624409936211752e-01
-6.578569395004342235e-01	3.415987550453877808e-01	-1.870569102032050846e-01	-1.441252393230229023e-01	-1.858500358539481589e-01
-6.577922909412921015e-01	3.416655777910330150e-01	-1.870615672603981039e-01	-1.441301233021647366e-01	-1.858515945946953019e-01
-6.578605039798008924e-01	3.416625361227924040e-01	-1.870548312763627707e-01	-1.441643913655774878e-01	-1.858494295678562169e-01
-6.578507549181400460e-01	3.416928737216666789e-01	-1.870691816934734186e-01	-1.441115222059897449e-01	-1.858242909590791525e-01
-6.578936664377029730e-01	3.416898166246563617e-01	-1.870754509201090487e-01	-1.441203704595419022e-01	-1.858189315281541243e-01
-6.578671699825029417e-01	3.416908631832442089e-01	-1.870523829791921888e-01	-1.440840777208853285e-01	-1.858523548147111570e-01
-6.578248086347874279e-01	3.416219958474315255e-01	-1.870652844290684180e-01	-1.441136246113301489e-01	-1.858454829541311693e-01
-6.578655186204539485e-01	3.416480127958939628e-01	-1.870651494512031165e-01	-1.441257187809376339e-01	-1.858672380101392130e-01
-6.578669656514598563e-01	3.416729975027865684e-01	-1.870642847596545866e-01	-1.441159401990918243e-01	-1.858540948676667970e-01
-6.578756199857327402e-01	3.416915464463864405e-01	-1.871251120659883360e-01	-1.441243729309898969e-01	-1.858514304194272548e-01
-6.578193910006192580e-01	3.416767547855761866e-01	-1.870663130800776230e-01	-1.441233241370109275e-01	-1.858325398845478149e-01
-6.578882610391620922e-01	3.416723591316292441e-01	-1.870766857355089519e-01	-1.441225456338104394e-01	-1.858508892825937731e-01
-6.578906200642693491e-01	3.416632705974840256e-01	-1.870627496804616319e-01	-1.441159518398048289e-01	-1.858438989839596711e-01
-6.579173590337458188e-01	3.416701050999818579e-01	-1.870634020753280391e-01	-1.441228631620125045e-01	-1.858506087018758079e-01
-6.578111952898693104e-01	3.416668581940702221e-01	-1.870627287903171565e-01	-1.441233967399700722e-01	-1.858512284164994810e-01
-6.577825963196117787e-01	3.416638912066696232e-01	-1.870635337402938858e-01	-1.440992684731355333e-01	-1.858659482537411145e-01
-6.578647021989043608e-01	3.416784981085607686e-01	-1.870309259499071952e-01	-1.441251305800798632e-01	-1.858571289397749071e-01
-6.578507764779895073e-01	3.416450282602946364e-01	-1.870635551754852854e-01	-1.441228697410420478e-01	-1.858509805761184019e-01
-6.578342279920733615e-01	3.416449346207156568e-01	-1.870644229882340304e-01	-1.441393446433211489e-01	-1.858311345062341469e-01
-6.578382682888211930e-01	3.416700336096978874e-01	-1.870816491019409722e-01	-1.441262185429774689e-01	-1.858502583854600154e-01
-6.578563167102259301e-01	3.416372174232785719e-01	-1.870634189907647293e-01	-1.441555813929874807e-01	-1.858407027733358363e-01
-6.578733207713465259e-01	3.417449657255214879e-01	-1.870584784344678786e-01	-1.441271269524010967e-01	-1.858451896604969289e-01
-6.578520478200118315e-01	3.416500616179242722e-01	-1.870618344438897962e-01	-1.441202433151655693e-01	-1.858533036563899121e-01
-6.579227367564475237e-01	3.416592363424613699e-01	-1.870514410154892893e-01	-1.441217404512889211e-01	-1.858609073471271245e-01
-6.579462321038067607e-01	3.416740355283917618e-01	-1.870675429165941372e-01	-1.441024898256608455e-01	-1.858534575698874702e-01
-6.578648660588923835e-01	3.416925960661810202e-01	-1.870609852563814568e-01	-1.441324803664857934e-01	-1.858779867713668821e-01
-6.578642897613640184e-01	3.416631158394620726e-01	-1.870684329695544712e-01	-1.441250521194735457e-01	-1.858512321042903592e-01
-6.579168006068305541e-01	3.417063243068992895e-01	-1.870578815292808228e-01	-1.441222918341095727e-01	-1.858538575895371248e-01
-6.578837039226804739e-01	3.416911124209753292e-01	-1.870610236520748593e-01	-1.441713498371471891e-01	-1.858518824756607013e-01
-6.578614519643223302e-01	3.417398310586253207e-01	-1.870633095518918487e-01	-1.441216211500344624e-01	-1.858510482237446526e-01
-6.578366362838583559e-01	3.416742697115708327e-01	-1.870552998056962957e-01	-1.441356527910693242e-01	-1.858313545819818835e-01
-6.579082154502802204e-01	3.416868113087210279e-01	-1.870670345797974532e-01	-1.441233643882660342e-01	-1.858470523496049409e-01
-6.579008186628976240e-01	3.417298510604218076e-01	-1.870647100175628630e-01	-1.441266991978120415e-01	-1.858508574485193132e-01
-6.579531786452877951e-01	3.416737293714219859e-01	-1.870635310174441068e-01	-1.441233913371219588e-01	-1.858514991042465314e-01
-6.578798826919222131e-01	3.416649091990598963e-01	-1.870621264266588979e-01	-1.441121973826746394e-01	-1.858279993266399865e-01
-6.577899435456656674e-01	3.417210856682232345e-01	-1.870909133853979334e-01	-1.441162637933237622e-01	-1.858471650458498325e-01
-6.579426843710121098e-01	3.416762787320647421e-01	-1.870635589752974726e-01	-1.441232743115919424e-01	-1.858512026687780816e-01
-6.578656036672209106e-01	3.416389775265394335e-01	-1.870666998579867679e-01	-1.440847597820406889e-01	-1.858317776210098304e-01
-6.578932283181788687e-01	3.417549473200983678e-01	-1.870644076635313013e-01	-1.441230140359836542e-01	-1.858539652854415136e-01
-6.578581056714828401e-01	3.417121374172487624e-01	-1.870503250486258429e-01	-1.441245489056734719e-01	-1.858346728542421278e-01
-6.578245857573594702e-01	3.416760852165542928e-01	-1.870395482860866543e-01	-1.441209622125785295e-01	-1.858451628563330682e-01
-6.579033987316230681e-01	3.416909797314518493e-01	-1.870878019545615112e-01	-1.441244852045514002e-01	-1.858517545491974454e-01
-6.578715107109591731e-01	3.417511210251822917e-01	-1.870638501460218928e-01	-1.441239865626214867e-01	-1.858512421284533034e-01
-6.579166089319175015e-01	3.416807459561993499e-01	-1.870897980142199879e-01	-1.441237977878541132e-01	-1.858511489685855667e-01
-6.578719713104399514e-01	3.416685197656355033e-01	-1.870683830930300051e-01	-1.441233906898678752e-01	-1.859077843673551389e-01
-6.578493629384357666e-01	3.416636600243783128e-01	-1.870628142715058673e-01	-1.441319945572350214e-01	-1.858501155731494547e-01
-6.578684290075600405e-01	3.416591745427955962e-01	-1.870780573874112618e-01	-1.441718371104201146e-01	-1.858727541342982126e-01
-6.578557641170441617e-01	3.416368820730619205e-01	-1.870664371048290919e-01	-1.441256157805365645e-01	-1.858392249252127648e-01
-6.579094102959770485e-01	3.416320010300860077e-01	-1.870664051749511558e-01	-1.441222476269937991e-01	-1.858561507548560643e-01
-6.579479706153802399e-01	3.416457211330084509e-01	-1.870432460187798906e-01	-1.441256842835687002e-01	-1.858557413044097106e-01
-6.578793340925984667e-01	3.416728679566065074e-01	-1.870723732775646519e-01	-1.441159949214238511e-01	-1.858451599676272936e-01
-6.578300499322659034e-01	3.416613258264265540e-01	-1.870629966291411650e-01	-1.441052934689903697e-01	-1.858542665848398612e-01
-6.578723546364619867e-01	3.416726437377420877e-01	-1.871255442267529268e-01	-1.441264898333303179e-01	-1.858732750557700042e-01
-6.577997797202457253e-01	3.416641152187144259e-01	-1.870451052321531471e-01	-1.441231398812805320e-01	-1.858515918258353272e-01
-6.578877579573092493e-01	3.416846070058627838e-01	-1.870606840209110000e-01	-1.441231910863500498e-01	-1.858516546941359204e-01
-6.578903384638242757e-01	3.416237512600682757e-01	-1.870639520535012923e-01	-1.441227411786511203e-01	-1.858545028238454411e-01
-6.578865296161520160e-01	3.416067654753437988e-01	-1.870639022779384264e-01	-1.441200504533615145e-01	-1.858510075765486824e-01
-6.578580805926574904e-01	3.416552796008062165e-01	-1.870622139063524703e-01	-1.441237578781290607e-01	-1.858592328329980170e-01
-6.578381051367759857e-01	3.416712000397700844e-01	-1.870625029277427631e-01	-1.441234607155199854e-01	-1.858510714337287817e-01
-6.578625178895353143e-01	3.417324507025630287e-01	-1.870001820019302485e-01	-1.441189301494233965e-01	-1.858468472286387563e-01
-6.577954292705355810e-01	3.416474428937966157e-01	-1.870542853673457240e-01	-1.441201659146399416e-01	-1.858481432585513682e-01
-6.578495768884836670e-01	3.417153793686192875e-01	-1.870517447058269722e-01	-1.440988068795831523e-01	-1.858492544863551144e-01
-6.578810197154845163e-01	3.416502578698897841e-01	-1.870633600000394248e-01	-1.441194450542035710e-01	-1.858492473795831657e-01
-6.578706315625237888e-01	3.415970283756864512e-01	-1.870638135405125468e-01	-1.441548875224805681e-01	-1.858448936090502934e-01
-6.578559231522413953e-01	3.417342971750709779e-01	-1.870845677810739349e-01	-1.441172209521718872e-01	-1.858527124480559845e-01
-6.578425280588812152e-01	3.416798258442215186e-01	-1.870669388584225989e-01	-1.441229868148419524e-01	-1.858428516059324187e-01
-6.579552913975779127e-01	3.416905590027059514e-01	-1.870478866207014590e-01	-1.441243960766695198e-01	-1.858488957740311032e-01
-6.578872703273596079e-01	3.416717433317602581e-01	-1.871170903790672913e-01	-1.441169857851285485e-01	-1.858450943147007817e-01
-6.578796728629853208e-01	3.416139851003681671e-01	-1.870666170100223902e-01	-1.441298686772162496e-01	-1.858497378592404992e-01
-6.578177927421292592e-01	3.416490755883578312e-01	-1.870662599704661644e-01	-1.441280834135449940e-01	-1.858166668662118159e-01
-6.578540182893717336e-01	3.416702316514800275e-01	-1.870893520559051282e-01	-1.441566536719817992e-01	-1.858475432493150170e-01
-6.578538251852809049e-01	3.417157603823691159e-01	-1.870747838926475337e-01	-1.441205297005428987e-01	-1.858497739999129816e-01
-6.578444781189355384e-01	3.416413810679443386e-01	-1.870632883099400401e-01	-1.441255304209374533e-01	-1.858521568598394402e-01
-6.578459766720219370e-01	3.416601621059788818e-01	-1.870612996601747902e-01	-1.441309025399889476e-01	-1.858753003179898777e-01
-6.577985775774615185e-01	3.416740880555022564e-01	-1.870722274362909276e-01	-1.441227567861526337e-01	-1.858512190084337656e-01
-6.578426891463751147e-01	3.416657945274166885e-01	-1.870629035002938922e-01	-1.441207531908685613e-01	-1.858521216479945559e-01
-6.578450037893426305e-01	3.416482887410172142e-01	-1.870371736177495192e-01	-1.441219171035899860e-01	-1.858620510974459406e-01
-6.579109047704447821e-01	3.416701550071234994e-01	-1.870631969897596503e-01	-1.441238425408516155e-01	-1.858503789103186365e-01
-6.578266205330094429e-01	3.416174696912863129e-01	-1.870640129405013175e-01	-1.441233145477585076e-01	-1.858511968006230086e-01
-6.578651012633480732e-01	3.416721649106839731e-01	-1.870630603621770971e-01	-1.441044585650900212e-01	-1.858164492955169667e-01
-6.578785508449415120e-01	3.416705713232630059e-01	-1.870618048489572360e-01	-1.441234439189285343e-01	-1.858674484198019339e-01
-6.578216959161142796e-01	3.416717137452944808e-01	-1.870550802958237391e-01	-1.441229402153239580e-01	-1.858485410374572655e-01
-6.578817474456083447e-01	3.416717917721653897e-01	-1.870517677016572677e-01	-1.441247762392537934e-01	-1.858415886898541480e-01
-6.578861705078620226e-01	3.417394138617571575e-01	-1.870823410269981668e-01	-1.441159032962940623e-01	-1.858265155948028435e-01
-6.578683115051773278e-01	3.416420039726328350e-01	-1.870715377046071881e-01	-1.441109504135294761e-01	-1.858039360533500495e-01
-6.579094508815241937e-01	3.417192829921703590e-01	-1.870646675214688581e-01	-1.441236589881930430e-01	-1.858511985549988754e-01
-6.579604761505923882e-01	3.416723032884883549e-01	-1.870680395755975056e-01	-1.441277125220334909e-01	-1.858512385943552614e-01
-6.579210511785540394e-01	3.416486499119917863e-01	-1.870614600657825866e-01	-1.441228317123665059e-01	-1.858513441502239738e-01
-6.579248478589495575e-01	3.416715676084144393e-01	-1.870923542821767982e-01	-1.441267986137797774e-01	-1.858630788260740574e-01
-6.578688339136233854e-01	3.417325692932040027e-01	-1.870610199152455411e-01	-1.441510050439735180e-01	-1.858501579571954498e-01
-6.578345401678892257e-01	3.416734933063687585e-01	-1.870696358730996045e-01	-1.441527735470924665e-01	-1.858391153517121308e-01
-6.578325796961600469e-01	3.417058879276722028e-01	-1.870604260014362974e-01	-1.441216247109447512e-01	-1.858507945199970035e-01
-6.578643560548169678e-01	3.416327982037279387e-01	-1.870548927242844384e-01	-1.441371426802364464e-01	-1.858499547694975607e-01
-6.578183950753198062e-01	3.416410703925853998e-01	-1.870658499082464565e-01	-1.441295371449410057e-01	-1.858590799864627552e-01
-6.578610660817111322e-01	3.416500906581676489e-01	-1.870428986609849742e-01	-1.441227421911219775e-01	-1.858908460408427443e-01
-6.578933346728415010e-01	3.416644783460229817e-01	-1.870556871073223992e-01	-1.441455860102400510e-01	-1.858512944546156509e-01
-6.578595298844802652e-01	3.415937973299255082e-01	-1.870520942816861765e-01	-1.441145483202935784e-01	-1.858581034797712750e-01
-6.579461992181907526e-01	3.416713023975411212e-01	-1.870636419307942222e-01	-1.441232937717627227e-01	-1.858512595828593628e-01
-6.578499099180438181e-01	3.416838675029670314e-01	-1.870637802486211088e-01	-1.441234081651352195e-01	-1.858511985341739225e-01
-6.578367259249700005e-01	3.416399369036645650e-01	-1.870592241023726066e-01	-1.441300110482865993e-01	-1.858777409627271060e-01
-6.578040498620342236e-01	3.416512769119187665e-01	-1.870648694047477578e-01	-1.441106289398952633e-01	-1.858649147475370522e-01
-6.578377258482396295e-01	3.417206666175846008e-01	-1.870626556760900117e-01	-1.441259502012416094e-01	-1.858537785072675030e-01
-6.578757096468106358e-01	3.416842838796194104e-01	-1.870630212805318715e-01	-1.441333773942440610e-01	-1.858199513977691619e-01
-6.578678338932379965e-01	3.416134629909995390e-01	-1.870484099115860555e-01	-1.441254828858945791e-01	-1.858721605206404559e-01
-6.578264196344003611e-01	3.416741483439136862e-01	-1.870081049721282196e-01	-1.441172998406586025e-01	-1.858535792439697798e-01
-6.579202267117367775e-01	3.416619524994318202e-01	-1.870535749658449598e-01	-1.441196352374120582e-01	-1.858501647839031767e-01
-6.578404286792566280e-01	3.416636703923673912e-01	-1.870077731147863354e-01	-1.441230498591082043e-01	-1.858512425138862389e-01
-6.579106631303633934e-01	3.417048198544686000e-01	-1.871152464910031121e-01	-1.441141239276917674e-01	-1.858521132148826527e-01
-6.578589476630221089e-01	3.416092669067604115e-01	-1.870634589348559862e-01	-1.441231744398611403e-01	-1.858515937150378439e-01
-6.579595102113436900e-01	3.416737794672004558e-01	-1.870634746349602029e-01	-1.441232987971676760e-01	-1.858511985386862297e-01
-6.578588570870439467e-01	3.416016908739837321e-01	-1.870652837627154730e-01	-1.441253653421919745e-01	-1.858431463602862599e-01
-6.578675021228597153e-01	3.416625742180972591e-01	-1.870545989555212618e-01	-1.440862101028191899e-01	-1.858242625812237259e-01
-6.578853884174626909e-01	3.416576921752639828e-01	-1.871234059534884198e-01	-1.441234630179182297e-01	-1.858504992035788783e-01
-6.578191119309793056e-01	3.416245041522568693e-01	-1.870394934666695652e-01	-1.441262289514148864e-01	-1.858444349604580215e-01
-6.578887712628191942e-01	3.416598738550795655e-01	-1.870680115750116557e-01	-1.441294182351613717e-01	-1.858368480410938217e-01
-6.578427611026920196e-01	3.416303999839219174e-01	-1.870806498597377410e-01	-1.441041441674891233e-01	-1.858536922967621019e-01
-6.578616658067657497e-01	3.416803147860758005e-01	-1.870856967652637926e-01	-1.440667857197548418e-01	-1.858489158266418140e-01
-6.579161375238495868e-01	3.416966662294835255e-01	-1.870574675213184379e-01	-1.441208379906463999e-01	-1.858556830216029077e-01
-6.578548535844577216e-01	3.416675820633984229e-01	-1.870632495566963427e-01	-1.441282326311030815e-01	-1.858542289857692542e-01
-6.578120926579290595e-01	3.416821131707938330e-01	-1.870203349619882216e-01	-1.441427156111171892e-01	-1.858426572717925274e-01
-6.579324153477342785e-01	3.416748808671409843e-01	-1.870683426736374777e-01	-1.441227833742426134e-01	-1.858496382664797109e-01
-6.577910258840596880e-01	3.417034324569928061e-01	-1.870624418745824302e-01	-1.441234793122701807e-01	-1.858513801040347913e-01
-6.578442997051221486e-01	3.416809559802346241e-01	-1.870491052981374802e-01	-1.441259584586753462e-01	-1.858398280538082481e-01
-6.577828956005332683e-01	3.416509541062288657e-01	-1.870703181569355611e-01	-1.441178678719604589e-01	-1.858408187193387739e-01
-6.579380055931579596e-01	3.416858068565905016e-01	-1.870667370331847990e-01	-1.441203543262153941e-01	-1.858516594201873873e-01
-6.578094455406634511e-01	3.416857463249337035e-01	-1.870877777186986668e-01	-1.441179160408946058e-01	-1.858287496284894980e-01
-6.578618889952029258e-01	3.417123576498102278e-01	-1.870716097732580130e-01	-1.441231851763362937e-01	-1.858509480390060919e-01
-6.579202033557570717e-01	3.416722024232369259e-01	-1.870633860552402827e-01	-1.441247619881770858e-01	-1.858513760453183450e-01
-6.578764684625078019e-01	3.416708345345256803e-01	-1.870799504852910522e-01	-1.441158041154811942e-01	-1.858709993904880675e-01
-6.577883253526053409e-01	3.416747697159989161e-01	-1.870601631380866547e-01	-1.441243552766531544e-01	-1.858535003883040049e-01
-6.578527589275060539e-01	3.416720071806924053e-01	-1.870634789897233363e-01	-1.441223833729108339e-01	-1.858537155219304737e-01
-6.578685570296014529e-01	3.416956921094956301e-01	-1.870653567326219235e-01	-1.441235871344039576e-01	-1.858513166666535543e-01
-6.578773401011972499e-01	3.416868784519145330e-01	-1.870204221595017369e-01	-1.441289780179346725e-01	-1.858485756777990550e-01
-6.578751159515565661e-01	3.416710634143174663e-01	-1.870448113375890176e-01	-1.441137435945209488e-01	-1.858720150370437030e-01
-6.578740101407498653e-01	3.416705269717024707e-01	-1.870636609518752103e-01	-1.441250272704314161e-01	-1.858589282125719666e-01
-6.578992249187437524e-01	3.416283579836377760e-01	-1.870750266109706961e-01	-1.441234891355389347e-01	-1.858515136289263514e-01
-6.579002665566343611e-01	3.416817014408203845e-01	-1.870670514684259766e-01	-1.441586199509917454e-01	-1.858545216598374017e-01
-6.578913569102642356e-01	3.416838461507850089e-01	-1.870630744603045681e-01	-1.441317553832973108e-01	-1.858569262510595954e-01
-6.578726169379998101e-01	3.416752889977835439e-01	-1.870614995096333555e-01	-1.441240276178680502e-01	-1.858474980149737998e-01
-6.579126431433168776e-01	3.416720088799019561e-01	-1.870598601043105269e-01	-1.441225729247945786e-01	-1.858428440559404815e-01
-6.578576115755880860e-01	3.416290797997112993e-01	-1.870872974387443599e-01	-1.441178440824787688e-01	-1.858441074628871814e-01
-6.578568078497480931e-01	3.416351466842964535e-01	-1.870597072926241111e-01	-1.441015751421304003e-01	-1.858213146659176973e-01
-6.578471659464065757e-01	3.417169495616576569e-01	-1.870689794257735794e-01	-1.441351809202850442e-01	-1.858399054056449895e-01
-6.578539236343600161e-01	3.417096000434908798e-01	-1.870637132220486498e-01	-1.441234961971063766e-01	-1.858520014192150960e-01
-6.578661100716542975e-01	3.416626398439053802e-01	-1.870712947029708195e-01	-1.441276671023799805e-01	-1.858861789095280492e-01
-6.578830072742439805e-01	3.416834401773140573e-01	-1.870633677006694195e-01	-1.441230833960022162e-01	-1.858509442391467759e-01
-6.578295467799787355e-01	3.416871511843983522e-01	-1.870694108440672243e-01	-1.441247747545688629e-01	-1.858482573948587457e-01
-6.578783495209011845e-01	3.417069546962876458e-01	-1.870751391481644821e-01	-1.441410314687852912e-01	-1.858971369288850428e-01
-6.578777356541096744e-01	3.416807886714055553e-01	-1.870971591990992500e-01	-1.440549429357341205e-01	-1.858372646527519378e-01
-6.578629365903019277e-01	3.417270361133257772e-01	-1.870644387093618743e-01	-1.441224742184397112e-01	-1.858510616647142399e-01
-6.578552712002805336e-01	3.416998096088900705e-01	-1.870756216955435924e-01	-1.440983807670031536e-01	-1.858708048620165698e-01
-6.578605195510102144e-01	3.416784643986036096e-01	-1.870220608486684033e-01	-1.442058006286664196e-01	-1.858424303671968314e-01
-6.578548927018823544e-01	3.416731832604289476e-01	-1.870866104154004228e-01	-1.441953319591896820e-01	-1.858424830337093159e-01
-6.579220920038323372e-01	3.416646601475615830e-01	-1.870635604969820009e-01	-1.441262458925580137e-01	-1.858456984034632387e-01
-6.578286958609566026e-01	3.416729844969665919e-01	-1.870558210815754518e-01	-1.441236819355328769e-01	-1.858492781791366844e-01
-6.579365303960733602e-01	3.416744581012839399e-01	-1.870637773733454245e-01	-1.441236547929521383e-01	-1.858513412757628880e-01
-6.578051225987545658e-01	3.416783406096020603e-01	-1.870222213419742430e-01	-1.441425511940600812e-01	-1.858528053178639117e-01
-6.578602409221064873e-01	3.416739353462484585e-01	-1.870634857757454139e-01	-1.441233073062253012e-01	-1.858504988488675624e-01
-6.578692150658920212e-01	3.416759616549444045e-01	-1.870634677412806590e-01	-1.441234109906220917e-01	-1.858511836599519851e-01
-6.579037362525439470e-01	3.416819720963424900e-01	-1.870557763338228374e-01	-1.441260399333441355e-01	-1.858819637495302823e-01
-6.578460700881977319e-01	3.417184932112645734e-01	-1.870626598943694874e-01	-1.441232982168007826e-01	-1.858521562995049947e-01
-6.578596219180944393e-01	3.417228320172688849e-01	-1.870470594906047113e-01	-1.441267345698352131e-01	-1.858285243405413123e-01
-6.578089639829571844e-01	3.417463094975584093e-01	-1.870616298680591594e-01	-1.441250877150817011e-01	-1.858396496867942282e-01
-6.578673864502448954e-01	3.416415258269158706e-01	-1.870648199416523882e-01	-1.441706952431968669e-01	-1.858537248236891148e-01
-6.579476548610035946e-01	3.416667067068764885e-01	-1.870330714393924343e-01	-1.441232596043956204e-01	-1.858530648189800905e-01
-6.578429436591080037e-01	3.417213827027750228e-01	-1.870262559723099849e-01	-1.441170326428638238e-01	-1.858510588099381855e-01
-6.578374908303094015e-01	3.416641798062993174e-01	-1.870634861458193299e-01	-1.441438233486561638e-01	-1.858601085926271934e-01
-6.578619338827464968e-01	3.416688165596605820e-01	-1.870148961171497204e-01	-1.441391922387575686e-01	-1.858808483554013624e-01
-6.579052178702832210e-01	3.416754048296686830e-01	-1.870435705567195794e-01	-1.441206195372710108e-01	-1.858507505794791959e-01
-6.578721254558831388e-01	3.416077277211130858e-01	-1.871172126812289949e-01	-1.441250228937770717e-01	-1.858389773151826463e-01
-6.578727804727003692e-01	3.416451254870094267e-01	-1.871094025899426028e-01	-1.441162772557348926e-01	-1.858399052029122700e-01
-6.578108820388403055e-01	3.416757319151251804e-01	-1.870631594847941837e-01	-1.441138640780389446e-01	-1.858582151780772684e-01
-6.578364257558735329e-01	3.416225909298834518e-01	-1.870671853225513714e-01	-1.441473874136152966e-01	-1.858472463318752155e-01
-6.578559336629226095e-01	3.415998391764754061e-01	-1.870503614452319052e-01	-1.441242878050090770e-01	-1.858466839035540774e-01
-6.578374260453748734e-01	3.416793717474462255e-01	-1.870612485277320935e-01	-1.441195246110456019e-01	-1.858529828827134578e-01
-6.578750584496054765e-01	3.416387223968740394e-01	-1.870918882742464984e-01	-1.441340055739650794e-01	-1.858273576280623784e-01
-6.578610605457329008e-01	3.416663338544804751e-01	-1.870942540374564977e-01	-1.441262897867939818e-01	-1.859363256750339588e-01
-6.578506157215493477e-01	3.417358516157387727e-01	-1.870419436586574502e-01	-1.441253065818643153e-01	-1.858501456444634214e-01
-6.578103317389136784e-01	3.416309362295207319e-01	-1.870502922470858587e-01	-1.440916452690704508e-01	-1.858653067298733086e-01
-6.578349252131601155e-01	3.416784948873876071e-01	-1.870670251704500686e-01	-1.441213633757851553e-01	-1.858120453854273657e-01
-6.578546480600212520e-01	3.416764697342840607e-01	-1.870342665393181780e-01	-1.440510472203692660e-01	-1.858505919020065622e-01
-6.578201045642629863e-01	3.416627140260104500e-01	-1.870325153051544398e-01	-1.441002451793725048e-01	-1.858555511224887491e-01
-6.578920156345317016e-01	3.416596050368943538e-01	-1.870596773997516560e-01	-1.441130694811185442e-01	-1.858469078274943842e-01
-6.578961223253692037e-01	3.416075355894097609e-01	-1.870636466394993147e-01	-1.441234319530586838e-01	-1.858517342015263696e-01
-6.578882447787677279e-01	3.416832061078565186e-01	-1.870753182104372692e-01	-1.441175619469324543e-01	-1.858724003320813833e-01
-6.577888202932571371e-01	3.416731393672050587e-01	-1.870629762874375657e-01	-1.441283927654213870e-01	-1.858488117548342811e-01
-6.579059881389995867e-01	3.416688064444188822e-01	-1.870655879303892710e-01	-1.441231287379422243e-01	-1.858513372746640746e-01
-6.578500383551353359e-01	3.416748663339670977e-01	-1.870633289507497854e-01	-1.441234712212519087e-01	-1.858513641642652314e-01
-6.578486112828013654e-01	3.416729997034498867e-01	-1.871061559924571405e-01	-1.441248489316399595e-01	-1.858579492604536254e-01
-6.578793419433898171e-01	3.416391205978415724e-01	-1.870603169648200614e-01	-1.441219381241753972e-01	-1.858359731522710445e-01
-6.577854428238045781e-01	3.416754878929018635e-01	-1.870562918371939110e-01	-1.441132296895401010e-01	-1.858511731852792725e-01
-6.578535295667354843e-01	3.416743082884099447e-01	-1.869944766314094176e-01	-1.441196329402514298e-01	-1.858520498610262417e-01
-6.578779586918940270e-01	3.416929771375110114e-01	-1.870805805212189810e-01	-1.441297870653241442e-01	-1.858728351070772500e-01
-6.579170807948636623e-01	3.416715640182155789e-01	-1.870630121102133392e-01	-1.441231871689029054e-01	-1.858500367951284038e-01
-6.578550914769177860e-01	3.417084069314886285e-01	-1.870035141943318102e-01	-1.441236134448070638e-01	-1.858539366651707492e-01
-6.577952325499465402e-01	3.416611444229321060e-01	-1.870611754383076086e-01	-1.441288603843483285e-01	-1.858500169244254874e-01
-6.578157692335849793e-01	3.416952342330413783e-01	-1.870599406022709632e-01	-1.441232703789297187e-01	-1.858396557197972143e-01
-6.578092347055716216e-01	3.417284752975626172e-01	-1.870536264072856225e-01	-1.441164846018769263e-01	-1.858521941119988252e-01
-6.578655650308545821e-01	3.416626483244769030e-01	-1.870637659436585609e-01	-1.441382630883227822e-01	-1.858506394033382914e-01
-6.578668571969283896e-01	3.417580898097751785e-01	-1.870694752967461683e-01	-1.441260713948445127e-01	-1.858461963177267529e-01
-6.578301665870154302e-01	3.416832242117212592e-01	-1.870765469781433821e-01	-1.441152860769399635e-01	-1.858527059017605343e-01
-6.577812096784130258e-01	3.416541288229604789e-01	-1.870872258798038090e-01	-1.441222554321116567e-01	-1.858500628267004684e-01
-6.578329846047300533e-01	3.416758699322482440e-01	-1.870655257867364918e-01	-1.441261586129250205e-01	-1.858641076404825010e-01
-6.578352139767488227e-01	3.416799717236268519e-01	-1.870656036856566118e-01	-1.441218724955853625e-01	-1.858402572455429558e-01
-6.578539548872404108e-01	3.417231651659640712e-01	-1.870836826042709677e-01	-1.441046361825395750e-01	-1.858519306069621735e-01
-6.578605048080921058e-01	3.416725635803682382e-01	-1.870408565562955983e-01	-1.441230107553491679e-01	-1.858509750079215539e-01
-6.578537065218378332e-01	3.416429493549572038e-01	-1.870817517830691001e-01	-1.440638976616171185e-01	-1.858433467477613732e-01
-6.578358205955054938e-01	3.416750541006033370e-01	-1.870704298629618512e-01	-1.441373106619980859e-01	-1.858878062543593002e-01
-6.579275681989937841e-01	3.416408855356843910e-01	-1.870645017964466250e-01	-1.441254859505988750e-01	-1.858274113532439598e-01
-6.578338599809930853e-01	3.416741843791427091e-01	-1.870750242561494414e-01	-1.441223490170766008e-01	-1.858511843666346419e-01
-6.579154577683905547e-01	3.416782372362378584e-01	-1.870837674434505105e-01	-1.441072046796932626e-01	-1.858484553179253762e-01
-6.578655817426543040e-01	3.416810285304664463e-01	-1.870836631938255779e-01	-1.441179024230409000e-01	-1.858420872031164295e-01
-6.579493342005021672e-01	3.416722891940876528e-01	-1.870591913795503491e-01	-1.441250174281616114e-01	-1.858511336010299775e-01
-6.578952936787483274e-01	3.416620173703014407e-01	-1.870835498588824253e-01	-1.441260424423494446e-01	-1.858432541833913709e-01
-6.578140090972112164e-01	3.416748960233579324e-01	-1.870634985960912822e-01	-1.441223847742647279e-01	-1.859168839819464458e-01
-6.578559403277330908e-01	3.416148093785726370e-01	-1.870518692522623039e-01	-1.441125878713991337e-01	-1.858488157040742439e-01
-6.578563646869562964e-01	3.416354059339907767e-01	-1.870833665950937530e-01	-1.441158890675424131e-01	-1.858992013122634235e-01
-6.578949910145750479e-01	3.416439130330555241e-01	-1.870745465572854482e-01	-1.441112474296249446e-01	-1.858416116536875662e-01
-6.577855616823847784e-01	3.416654430015701460e-01	-1.870541896645531998e-01	-1.441240341498107314e-01	-1.858563712945764390e-01
-6.578954307644437893e-01	3.416874111948954851e-01	-1.870639337234903110e-01	-1.441242856192903321e-01	-1.858510110950443994e-01
-6.579512221186212262e-01	3.416514022859192257e-01	-1.870573963511595328e-01	-1.441234639516177640e-01	-1.858511835804717849e-01
-6.578660804094162984e-01	3.416281586537934234e-01	-1.870309932827035060e-01	-1.441188657514552440e-01	-1.858410719253963672e-01
-6.577971454848285937e-01	3.416643976662026572e-01	-1.870631622226928692e-01	-1.441229856937282783e-01	-1.858507136102947876e-01
-6.578636420487027348e-01	3.416575272241127448e-01	-1.871072335150489041e-01	-1.441677556798103832e-01	-1.858736024397421582e-01
-6.579164359702889264e-01	3.416896971506855896e-01	-1.870642765379861849e-01	-1.441232377622384819e-01	-1.858475818838473681e-01
-6.578143422854849653e-01	3.416945031955757606e-01	-1.870731460078601249e-01	-1.441321344289982764e-01	-1.858384147947986509e-01
-6.578502326106259179e-01	3.416736513715449286e-01	-1.869897493350236306e-01	-1.441074695650754744e-01	-1.858508763031180289e-01
-6.578576283602001196e-01	3.416346475061250443e-01	-1.870449576471718833e-01	-1.441220676581440319e-01	-1.858492713305547051e-01
-6.578569820745879815e-01	3.416225967162608845e-01	-1.870706645901608067e-01	-1.441237564464932230e-01	-1.858510358213064373e-01
-6.578731862391845597e-01	3.416707945041245198e-01	-1.870621345413309711e-01	-1.441452202213689693e-01	-1.858564695142159717e-01
-6.579206981917866681e-01	3.416729078957185806e-01	-1.870641068813271302e-01	-1.441233061020255612e-01	-1.858511604626486846e-01
-6.578406467242926547e-01	3.416753141902706958e-01	-1.870863542951602954e-01	-1.440920755682438270e-01	-1.858524911589751749e-01
-6.578427407789259052e-01	3.416823839679516417e-01	-1.871194060423017891e-01	-1.441195491100580595e-01	-1.858452921370602473e-01
-6.578017753141102153e-01	3.416791824559968216e-01	-1.870680397591464872e-01	-1.441224293194728612e-01	-1.858509331299732226e-01
-6.577885311699984694e-01	3.416745686316116637e-01	-1.870633257880242595e-01	-1.441232501945418076e-01	-1.858512026087759117e-01
-6.578605065789163708e-01	3.416849847118980654e-01	-1.869786282266145683e-01	-1.441239883674704236e-01	-1.858585295109889124e-01
-6.579069067604554899e-01	3.416737519560402170e-01	-1.870611472895430394e-01	-1.441412635798508535e-01	-1.858425633352948636e-01
-6.579523779915009696e-01	3.416775816771668306e-01	-1.870608532041231342e-01	-1.441144208806868221e-01	-1.858512307627587234e-01
-6.577920244453414611e-01	3.416737394765265723e-01	-1.870634759608606756e-01	-1.441232959115521517e-01	-1.858512540869677043e-01
-6.578768515448257803e-01	3.416840993832017115e-01	-1.870634137013562348e-01	-1.441229454711808466e-01	-1.858509530354412187e-01
-6.578219568085202917e-01	3.416719589436166271e-01	-1.870639258184950138e-01	-1.441210855956475134e-01	-1.858571084395425344e-01
-6.578469178495082170e-01	3.416883188645890579e-01	-1.870570063654193316e-01	-1.441320915612152309e-01	-1.858551162228354037e-01
-6.578427449507856517e-01	3.416301307818613853e-01	-1.870543783147269878e-01	-1.441442903941876630e-01	-1.858608176580303084e-01
-6.578377835223314651e-01	3.417097523682202098e-01	-1.870525073582732789e-01	-1.441302886233549740e-01	-1.858606110288125723e-01
-6.578425875824953639e-01	3.416311700346674196e-01	-1.870492471225774778e-01	-1.441322691383614962e-01	-1.858413636757380860e-01
-6.579257438875411035e-01	3.416937575066263388e-01	-1.870605734809799026e-01	-1.441217773253783141e-01	-1.858464222929034626e-01
-6.578387740190259070e-01	3.416675219126944496e-01	-1.870678772377546151e-01	-1.441219887102432318e-01	-1.858560496054701416e-01
-6.578640664657763315e-01	3.415863587952660541e-01	-1.870893301315380008e-01	-1.441234761629741346e-01	-1.858538140377059000e-01
-6.579107179085451618e-01	3.416623513438054593e-01	-1.870624576265356442e-01	-1.441239573648185057e-01	-1.858518767543106409e-01
-6.579131645506307580e-01	3.416724279896475869e-01	-1.870650119009912293e-01	-1.441257857651282726e-01	-1.858525529995708192e-01
-6.578549405095125424e-01	3.416742212718227312e-01	-1.870224958201411602e-01	-1.441462627237906635e-01	-1.858267188165151351e-01
-6.578766768797715825e-01	3.417172843265862126e-01	-1.870761153312332226e-01	-1.441150224496800525e-01	-1.858522307859965528e-01
-6.579236453953721808e-01	3.416605661674307903e-01	-1.870595186187330172e-01	-1.441402635976121449e-01	-1.858515306939144407e-01
-6.578627874474294313e-01	3.417348342700453068e-01	-1.871040443447739010e-01	-1.440895987019773783e-01	-1.858471063961574521e-01
-6.578563115469033828e-01	3.416644681879468237e-01	-1.870935425416831444e-01	-1.441201805780810419e-01	-1.858495877777062710e-01
-6.578180148712116093e-01	3.417117156387020072e-01	-1.870635006902967579e-01	-1.441238223590959600e-01	-1.858499100301610196e-01
-6.578142858770922308e-01	3.416668939895011747e-01	-1.870586247891287690e-01	-1.441321187673893778e-01	-1.858634049009515177e-01
-6.578303986796298908e-01	3.417387591476041542e-01	-1.870769460825787156e-01	-1.441131438149697297e-01	-1.858335776149772911e-01
-6.578626473702906541e-01	3.417031138001989099e-01	-1.870643448324291747e-01	-1.441364645873363659e-01	-1.858999713273270515e-01
-6.578518280403482521e-01	3.416811712396358169e-01	-1.870717038383587494e-01	-1.441229619431168285e-01	-1.858449714411817000e-01
-6.578710712601081312e-01	3.416868039220278264e-01	-1.870177788610102865e-01	-1.441220433842037019e-01	-1.858823350129301943e-01
-6.578134914121609444e-01	3.417169477263339861e-01	-1.870582149603294275e-01	-1.441144600255044039e-01	-1.858618304384375974e-01
-6.577808884122335886e-01	3.416653663772779015e-01	-1.870633995479606126e-01	-1.441232788157027767e-01	-1.858510572834415897e-01
-6.578751648762457549e-01	3.416720449399980319e-01	-1.870701434715918987e-01	-1.441283108928994305e-01	-1.858511611842289524e-01
-6.578584613514817381e-01	3.416843090722773701e-01	-1.870307929179293727e-01	-1.441195292630842173e-01	-1.858515827939441478e-01
-6.578968892260562695e-01	3.416783603787248436e-01	-1.870731928055698601e-01	-1.441183029916293934e-01	-1.858185802464694392e-01
-6.578590904967470676e-01	3.417533430193761546e-01	-1.870436305802350152e-01	-1.441233192175765121e-01	-1.858871371553215690e-01
-6.578319570926430826e-01	3.417549819237897246e-01	-1.870828659465077481e-01	-1.441102595871606717e-01	-1.858551592323738344e-01
-6.579007975051511803e-01	3.416628012964721406e-01	-1.870832399585455330e-01	-1.441401990465451255e-01	-1.858193525344284669e-01
-6.578595466681893544e-01	3.416873386215872888e-01	-1.870567464035776672e-01	-1.441231986080465932e-01	-1.858529075917339790e-01
-6.578812759647664210e-01	3.416724560923378728e-01	-1.870683568245711526e-01	-1.441362545421775998e-01	-1.858470519274923460e-01
-6.579371373692007863e-01	3.416716653912463819e-01	-1.870389697219459191e-01	-1.441193827245142167e-01	-1.858463399874505650e-01
-6.579471590786312163e-01	3.416760751356291426e-01	-1.870657783788763351e-01	-1.441216231941103709e-01	-1.858506069122661253e-01
-6.579006750101874523e-01	3.416618661017708503e-01	-1.870470466324493652e-01	-1.441260907764088939e-01	-1.858537663297736564e-01
-6.578512011021094841e-01	3.416740426421718824e-01	-1.870644006444262819e-01	-1.441202364321016172e-01	-1.858477565944151866e-01
-6.578392813130352623e-01	3.416717862902238778e-01	-1.870765786713416701e-01	-1.440797784080578292e-01	-1.858808138049836134e-01
-6.578550781879964893e-01	3.416580876263229372e-01	-1.869918514822821176e-01	-1.441217410724727199e-01	-1.858417218552844419e-01
-6.578244011953873205e-01	3.416655972842455036e-01	-1.870617855141217256e-01	-1.441237165225193462e-01	-1.858612847538181068e-01
-6.578299250504230367e-01	3.416590697857586068e-01	-1.871137398468931123e-01	-1.441277516519130220e-01	-1.858043784286254885e-01
-6.578881966403983261e-01	3.416911674324298320e-01	-1.870551221841962874e-01	-1.441234768009045930e-01	-1.858581819621631936e-01
-6.579361203344166187e-01	3.416657914662813988e-01	-1.870629528630565752e-01	-1.441500154246648235e-01	-1.858674502128033201e-01
-6.578992218846191342e-01	3.417228544585833028e-01	-1.870617161461687050e-01	-1.441298746024922139e-01	-1.858520867046034586e-01
-6.577894831358136463e-01	3.416790717711969960e-01	-1.870488109124387732e-01	-1.441306767794567067e-01	-1.858471229898743804e-01
-6.578916733931333694e-01	3.416715795684424073e-01	-1.870565805590331809e-01	-1.440925917551073576e-01	-1.858502278591711854e-01
-6.578469249850117384e-01	3.416475961074266765e-01	-1.870574008544424183e-01	-1.441245703127523869e-01	-1.858511145693425015e-01
-6.578524332948489928e-01	3.416759121658904941e-01	-1.870608729073446885e-01	-1.441206594917427419e-01	-1.858525652567811770e-01
-6.577974229488535718e-01	3.416729595089492699e-01	-1.870754138751054840e-01	-1.441245306546608262e-01	-1.858833590695311844e-01
-6.578675403517368903e-01	3.416897240728832830e-01	-1.870618529627756377e-01	-1.441214566069516922e-01	-1.858540372127292506e-01
-6.578904440375759055e-01	3.416855032611482712e-01	-1.870646073840776247e-01	-1.441222573658548500e-01	-1.858538459551075106e-01
-6.579018311662020446e-01	3.416712009497616664e-01	-1.870613175104550718e-01	-1.441233164452164484e-01	-1.858510700970895102e-01
-6.578670275115222621e-01	3.417276667741945273e-01	-1.870650134909325191e-01	-1.441501734789827072e-01	-1.858477253289516906e-01
-6.577743509921044618e-01	3.416737141989575344e-01	-1.870636341881418419e-01	-1.441235974956913413e-01	-1.858526037811908116e-01
-6.578748268357675899e-01	3.417337200284529253e-01	-1.870591103480391537e-01	-1.441159678745087824e-01	-1.858612410305444940e-01
-6.578707800862721999e-01	3.416857749633993024e-01	-1.870596555588888710e-01	-1.441233108592082091e-01	-1.858514303557738390e-01
-6.578516892612562561e-01	3.417187226790402432e-01	-1.870644751652981996e-01	-1.441207123610035445e-01	-1.858712431452815561e-01
-6.578631648625661299e-01	3.417010684669304910e-01	-1.871087898056038867e-01	-1.440917827590554035e-01	-1.858523871773161695e-01
-6.578591816649921320e-01	3.416649732008403273e-01	-1.870528389877625097e-01	-1.441265341309432291e-01	-1.858490608144885703e-01
-6.578824688346021077e-01	3.417153932885192424e-01	-1.870686957578436282e-01	-1.441369458658189051e-01	-1.858694359622679038e-01
-6.577992043337039796e-01	3.416955315527135384e-01	-1.870670764347463766e-01	-1.441019497703434904e-01	-1.858611823419763220e-01
-6.577923851128506527e-01	3.416734548098073754e-01	-1.870486871349389957e-01	-1.441233214718255773e-01	-1.858374610837378038e-01
-6.578859113464842201e-01	3.416815017232760487e-01	-1.870401393768735543e-01	-1.441374358820094737e-01	-1.858345322197322014e-01
-6.577753003795717701e-01	3.416911611470378474e-01	-1.870687203603440263e-01	-1.441233141319071820e-01	-1.858511527700518751e-01
-6.579406239470085849e-01	3.416652256432902712e-01	-1.870628407126118109e-01	-1.441235882968208981e-01	-1.858507272039291724e-01
-6.578716384976601717e-01	3.416782014247457533e-01	-1.870448274774591801e-01	-1.441401650521081934e-01	-1.858539982918993860e-01
-6.578412482315312282e-01	3.416716629104142311e-01	-1.871000204705658976e-01	-1.441229834532097021e-01	-1.858510636182025277e-01
-6.578094590171131850e-01	3.416955623745154824e-01	-1.870518203350071407e-01	-1.441241522463864444e-01	-1.858520883271841118e-01
-6.578436184285211263e-01	3.416528797417476282e-01	-1.870361604691281876e-01	-1.441303690464592335e-01	-1.859009297875859335e-01
-6.579151097964374140e-01	3.416881282212593240e-01	-1.870517647761101021e-01	-1.441108719683029116e-01	-1.858248064630091123e-01
-6.578882279963579327e-01	3.416614536131764024e-01	-1.870566653452873929e-01	-1.441177039460685705e-01	-1.858509394267543191e-01
-6.577646221076862698e-01	3.416751915624489100e-01	-1.870646953906686671e-01	-1.441227037550847079e-01	-1.858511596877056304e-01
-6.578373449428304154e-01	3.417145517187992754e-01	-1.870706669189773075e-01	-1.440888672963497597e-01	-1.858339647836070863e-01
-6.578530470004261277e-01	3.416968467579640234e-01	-1.871350978596771908e-01	-1.441263943199611874e-01	-1.858596865330872927e-01
-6.577852760027335099e-01	3.417124508129558702e-01	-1.870628755355451811e-01	-1.441221694625942351e-01	-1.858476119933424042e-01
-6.579404669334297795e-01	3.416734495740536004e-01	-1.870631724662349948e-01	-1.441233389772489382e-01	-1.858512038641636777e-01
-6.578369374493009403e-01	3.416690946341831014e-01	-1.870790809793703713e-01	-1.441469824587443271e-01	-1.858569227452029626e-01
-6.579064507410166129e-01	3.416818282814212404e-01	-1.870828839083578110e-01	-1.441274226946938075e-01	-1.858543816223333367e-01
-6.579002567968458282e-01	3.416722219043986652e-01	-1.870623400826495752e-01	-1.441247657319430220e-01	-1.858521818955257143e-01
-6.579204824722146849e-01	3.416848350747450080e-01	-1.870682735258833163e-01	-1.441256308507037065e-01	-1.858512049018335444e-01
-6.579314550899895142e-01	3.416745018714116289e-01	-1.870643611457246946e-01	-1.441235324221214753e-01	-1.858537951176354730e-01
-6.579333177770252394e-01	3.416596730418300365e-01	-1.870634562984027083e-01	-1.441238333674000893e-01	-1.858574399322457937e-01
-6.578611281786540532e-01	3.416603150926123544e-01	-1.870480522504181231e-01	-1.441491061605748858e-01	-1.858991027662493800e-01
-6.578867995891028997e-01	3.416316840675317490e-01	-1.870650645177506788e-01	-1.441230359543942963e-01	-1.858604983887992002e-01
-6.578719168532466410e-01	3.416495952720295937e-01	-1.871396673638650032e-01	-1.441188229951531896e-01	-1.858609383629897804e-01
-6.578931242950523117e-01	3.416472886035168965e-01	-1.870648145273444696e-01	-1.441216677785833455e-01	-1.858368005502291642e-01
-6.578658218203667918e-01	3.416792972396746619e-01	-1.870429145603273724e-01	-1.441131961412400742e-01	-1.858170095752021411e-01
-6.578378757325781256e-01	3.416787482654584096e-01	-1.870581040480169543e-01	-1.441190303808141671e-01	-1.858509010842667730e-01
-6.578087121949285354e-01	3.416804842046325397e-01	-1.870628189868420443e-01	-1.441232296370101862e-01	-1.858537598263882429e-01
-6.578543349743628532e-01	3.416972770071461940e-01	-1.870463771161304800e-01	-1.441161320288966152e-01	-1.858591798589541988e-01
-6.578561363833811404e-01	3.416880825762715346e-01	-1.870375033684957555e-01	-1.441189702300010034e-01	-1.858098896604126471e-01
-6.579463656106333547e-01	3.416773167373345355e-01	-1.870596883979731839e-01	-1.441218917906916253e-01	-1.858563206046893179e-01
-6.578831968659990537e-01	3.416749914569563451e-01	-1.870597805826662574e-01	-1.441236922244008567e-01	-1.858483869640338570e-01
-6.578616299815467361e-01	3.416736027883358062e-01	-1.870475367329807459e-01	-1.441290083364150376e-01	-1.858476884160862319e-01
-6.578479364243787764e-01	3.416720724487724015e-01	-1.870573797702117236e-01	-1.441190922451870415e-01	-1.858518873583616671e-01
-6.578504545519771041e-01	3.416815389252952917e-01	-1.870632560853086046e-01	-1.441091712518983159e-01	-1.858550533040728148e-01
-6.578489959478572846e-01	3.417665929649969514e-01	-1.870642903169876803e-01	-1.441232851972544804e-01	-1.858511932801404087e-01
-6.579183679764151194e-01	3.416746066956327099e-01	-1.870337067886143900e-01	-1.441230867652633918e-01	-1.858886755554731707e-01
-6.578752456033546414e-01	3.416638519628566462e-01	-1.870776369076933010e-01	-1.440966313203444760e-01	-1.858402756288624891e-01
-6.578760931443480287e-01	3.416926849616750417e-01	-1.870359185575261041e-01	-1.441486158136361106e-01	-1.858483579278405462e-01
-6.578574825618381805e-01	3.416739051563637553e-01	-1.870634067508916698e-01	-1.441223558088504941e-01	-1.858495828964756014e-01
-6.577973227787017318e-01	3.416794404011132547e-01	-1.870534427565198332e-01	-1.441213414078792721e-01	-1.858543462450345518e-01
-6.578612237094947357e-01	3.417250674391733023e-01	-1.870558461102363734e-01	-1.441222258897555120e-01	-1.858510215240966601e-01
-6.578275512343915166e-01	3.416314788425353632e-01	-1.870580264248022095e-01	-1.441149263132402436e-01	-1.858635089656282824e-01
-6.578621811250954243e-01	3.416185398578948651e-01	-1.870029769812497633e-01	-1.441208779363739312e-01	-1.858572559736395013e-01
-6.577933019017063732e-01	3.416758338592618127e-01	-1.870418543988459636e-01	-1.441667035938599128e-01	-1.858471000458037092e-01
-6.579352524368926591e-01	3.416688988459254395e-01	-1.870794767876156339e-01	-1.441108640761256665e-01	-1.858505769542274089e-01
-6.578420487342596656e-01	3.416606874674880112e-01	-1.870648193224027089e-01	-1.441216952558615205e-01	-1.858747078491843341e-01
-6.579005551356170711e-01	3.416812813724096065e-01	-1.870634097204650348e-01	-1.441240288679519477e-01	-1.858505229566675965e-01
-6.578533557606800475e-01	3.416688981107956491e-01	-1.870643509737406063e-01	-1.441373653145359424e-01	-1.858512165378922998e-01
-6.578657979306106185e-01	3.417030446083643702e-01	-1.870739807058839910e-01	-1.441191996968499422e-01	-1.858515997924651553e-01
-6.578074153028886650e-01	3.416719180120432742e-01	-1.870570641659052014e-01	-1.441469555336582775e-01	-1.858456603656075123e-01
-6.578645601360146866e-01	3.416658612688941443e-01	-1.870583949778128752e-01	-1.441316463808020587e-01	-1.858468494392099546e-01
-6.578614120335675164e-01	3.417007624454796444e-01	-1.870644186602193892e-01	-1.441679431960947166e-01	-1.858583554134910221e-01
-6.578183027965576191e-01	3.416895131395269458e-01	-1.870550420629700505e-01	-1.441385631271212830e-01	-1.859147663853416843e-01
-6.578449916954770549e-01	3.417430661974238393e-01	-1.870498241782624638e-01	-1.441237604860222121e-01	-1.858509254273609523e-01
-6.578740631499021552e-01	3.416852499954633471e-01	-1.870712927971656114e-01	-1.441241387118149531e-01	-1.858642464201990252e-01
-6.578071864973910055e-01	3.416323523813997731e-01	-1.870899556310349210e-01	-1.441147336140223834e-01	-1.858492421777210024e-01
-6.579509561407591578e-01	3.416733106053236324e-01	-1.870663596232159387e-01	-1.441233990605439996e-01	-1.858517811387015994e-01
-6.578667159855045021e-01	3.416837009219187427e-01	-1.870635788779190234e-01	-1.441272360584231194e-01	-1.858481011897583079e-01
-6.579435431167691695e-01	3.417096100157604455e-01	-1.870633371157987557e-01	-1.441232611111658013e-01	-1.858512726133347559e-01
-6.578524631966458092e-01	3.415864751731663151e-01	-1.870577105900174397e-01	-1.441335697561768603e-01	-1.858537434211265660e-01
-6.578451827394391493e-01	3.417357278016711075e-01	-1.870235576495687391e-01	-1.441235809095469667e-01	-1.858626593235559177e-01
-6.578618190360103757e-01	3.416795144247801730e-01	-1.870643561404473354e-01	-1.441182537470354630e-01	-1.858401543976910819e-01
-6.579212885689178503e-01	3.416745687516958285e-01	-1.870693541269061455e-01	-1.441212909597795466e-01	-1.858509149730240007e-01
-6.578041156791171185e-01	3.416557283422305691e-01	-1.870632173965831035e-01	-1.441232404353852969e-01	-1.858507154597603961e-01
-6.577855740619463765e-01	3.416824667436695329e-01	-1.870632048579392026e-01	-1.441237021910027338e-01	-1.858568782219264526e-01
-6.577649068737707605e-01	3.416705780632693923e-01	-1.870588236168396201e-01	-1.441233792097644795e-01	-1.858500695951519066e-01
-6.579344155731047250e-01	3.416641092970674753e-01	-1.870543071231272059e-01	-1.441642649841863577e-01	-1.858600597414685751e-01
-6.579319807905456008e-01	3.416632239152535555e-01	-1.870499024421604928e-01	-1.441264929313565979e-01	-1.858509313550605613e-01
-6.578723839554247999e-01	3.416747386295929112e-01	-1.870623010497990679e-01	-1.441279015191725410e-01	-1.858885104411771294e-01
-6.577906409191953685e-01	3.416971660387101983e-01	-1.870418531145911778e-01	-1.441102243697000296e-01	-1.858567363792506533e-01
-6.577741427635626081e-01	3.416687773230534519e-01	-1.870640581092018195e-01	-1.441243169184283912e-01	-1.858445446971666304e-01
-6.577787659292234634e-01	3.417000031228477619e-01	-1.870653325501838993e-01	-1.441157703663273615e-01	-1.858615108973987740e-01
-6.578306858896225684e-01	3.416706246806975322e-01	-1.870346226170258308e-01	-1.441340879009359588e-01	-1.858275263428700030e-01
-6.578704453735612079e-01	3.416534791203893473e-01	-1.870611677734536626e-01	-1.441242060287959148e-01	-1.858513139348040022e-01
-6.579219855602747025e-01	3.416843319978408178e-01	-1.870444196385256386e-01	-1.441477137224000948e-01	-1.858592662488386116e-01
-6.578579926980917536e-01	3.416700004938835744e-01	-1.870453726635491198e-01	-1.441359559574680316e-01	-1.859121410129206120e-01
-6.577905920952333840e-01	3.417049376622519619e-01	-1.870567140098085834e-01	-1.441219726838328663e-01	-1.858516058943547322e-01
-6.579015387495551481e-01	3.416680429797814833e-01	-1.870470527814093453e-01	-1.441186794827178375e-01	-1.858565915394729817e-01
-6.578563056602423353e-01	3.416032880602552502e-01	-1.870666072567411797e-01	-1.441331220486294640e-01	-1.858566727526720919e-01
-6.578354900208476241e-01	3.416771203193927908e-01	-1.870627559709085175e-01	-1.441218597052615347e-01	-1.858521831989815853e-01
-6.579077562662247747e-01	3.416761356598183030e-01	-1.870602439300436959e-01	-1.441231600397743506e-01	-1.858512702583645648e-01
-6.578312467381690620e-01	3.416979931354590660e-01	-1.870617672544633292e-01	-1.441233764333861300e-01	-1.858450595249818704e-01
-6.578769771512981146e-01	3.416784618866077206e-01	-1.870664193555599542e-01	-1.441330563953828192e-01	-1.858371160168034164e-01
-6.578721364361138635e-01	3.416898435029495640e-01	-1.871033569730237711e-01	-1.441462252092453877e-01	-1.858586423409450683e-01
-6.578505713516590303e-01	3.416476892627184903e-01	-1.870348463678460360e-01	-1.441213714520532263e-01	-1.858513861125924427e-01
-6.578610908037362259e-01	3.416175782611013401e-01	-1.870986436935142549e-01	-1.441468522508645433e-01	-1.858528172422851954e-01
-6.578672120862758543e-01	3.416782747110489460e-01	-1.870632354119954599e-01	-1.441234273546522227e-01	-1.858511298634937248e-01
-6.578158767931083784e-01	3.417565831836383849e-01	-1.870864687565186035e-01	-1.441232996461659643e-01	-1.858511468865025607e-01
-6.578692392131973987e-01	3.416639651279389511e-01	-1.870724546115272169e-01	-1.441851578899126241e-01	-1.858456841211045263e-01
-6.579353455289838060e-01	3.416843172160886621e-01	-1.870977947946430298e-01	-1.441201623676749144e-01	-1.858589489695433028e-01
-6.579526979870214953e-01	3.416731380100528348e-01	-1.870642809780914961e-01	-1.441240906015733014e-01	-1.858503311012547621e-01
-6.578240170343296889e-01	3.417055510995692380e-01	-1.870610287129627070e-01	-1.441223400283836165e-01	-1.858417261922475916e-01
-6.578599423150154335e-01	3.417002103833596816e-01	-1.871214603772371476e-01	-1.441356667697321625e-01	-1.858514928309744629e-01
-6.579116297344457243e-01	3.416758826403441529e-01	-1.870665941917175057e-01	-1.441144573260737249e-01	-1.858497432273378824e-01
-6.578475305216896496e-01	3.416581048480588634e-01	-1.870698949329264449e-01	-1.441212504777266978e-01	-1.858514029797212197e-01
-6.578640684795793447e-01	3.416846668670689979e-01	-1.870320253985967296e-01	-1.441324058457230661e-01	-1.858444829570954360e-01
-6.579165251245723267e-01	3.416271831465492737e-01	-1.870859432152386093e-01	-1.441373612409337646e-01	-1.858316653873129665e-01
-6.577739507113571360e-01	3.416741299343567517e-01	-1.870648329971568713e-01	-1.441228837195798751e-01	-1.858511430995145042e-01
-6.579395295066500227e-01	3.416738921435301668e-01	-1.870499212445507764e-01	-1.441350534712412257e-01	-1.858513263128670490e-01
-6.579147738847894722e-01	3.416740476127665960e-01	-1.870424667505806160e-01	-1.441090361847049139e-01	-1.858576220125122136e-01
-6.578731386860718899e-01	3.416451066751991505e-01	-1.870071690801135000e-01	-1.441213338828370993e-01	-1.858492515581128268e-01
-6.578303596334676984e-01	3.416824247265882741e-01	-1.870627311164668460e-01	-1.441459257511372438e-01	-1.858579034736637381e-01
-6.578641690047357660e-01	3.417215710388792904e-01	-1.870479456949480646e-01	-1.441130505308176601e-01	-1.858512425876332474e-01
-6.579144889990435896e-01	3.416964513077835885e-01	-1.870888206146284760e-01	-1.441236821192831696e-01	-1.858599954776644081e-01
-6.579222202803324260e-01	3.416889951783881885e-01	-1.870155807192193653e-01	-1.441235651348724833e-01	-1.858699270942191228e-01
-6.578220705349733244e-01	3.416588978316601466e-01	-1.870611268970373275e-01	-1.441361838051786748e-01	-1.858460241051661521e-01
-6.578979449614573705e-01	3.416300728153854882e-01	-1.870518147115668162e-01	-1.441232171648415550e-01	-1.858600364333256039e-01
-6.578674518509630698e-01	3.416721099534547057e-01	-1.870782386687112608e-01	-1.441281779831770915e-01	-1.858558095200472104e-01
-6.577653633864878335e-01	3.416757692155871218e-01	-1.870632505476280683e-01	-1.441162126014162159e-01	-1.858522272143930398e-01
