-7.841483698270441671e-01	4.100821696920908255e-01	-1.610603294766040361e-01	1.150369802027506161e+00	1.035124990599187167e-01
-7.841844999683273976e-01	4.100901228751723804e-01	-1.610801295642796671e-01	1.150366365676727343e+00	1.035058262336343293e-01
-7.841232937450222096e-01	4.100925109825457882e-01	-1.610772826478064357e-01	1.150370100264450857e+00	1.035066670555214730e-01
-7.842232579808132709e-01	4.101548368657614851e-01	-1.610215919862046097e-01	1.150370827644009220e+00	1.035041728108546111e-01
-7.841884521453468260e-01	4.101107000762068133e-01	-1.610428824712272222e-01	1.150361391420723578e+00	1.035063767300371668e-01
-7.841599333940384442e-01	4.100974027615235662e-01	-1.610478750123439662e-01	1.150387909586195079e+00	1.034894463464043346e-01
-7.842074151020761441e-01	4.100979525157897321e-01	-1.610893885980464180e-01	1.150414451328684029e+00	1.035174141379876789e-01
-7.841483548268431969e-01	4.101108378213214611e-01	-1.610690865712364750e-01	1.150369250337641702e+00	1.035013432793715354e-01
-7.841465375963379003e-01	4.101002691094989827e-01	-1.610593763726591576e-01	1.150368223079486496e+00	1.034564185913646878e-01
-7.842367118495294775e-01	4.101454333540869301e-01	-1.610810339471423214e-01	1.150356158335529955e+00	1.034853588781503853e-01
-7.842063960638138154e-01	4.100976127927549175e-01	-1.610722634904074302e-01	1.150367520147630218e+00	1.035045117637319184e-01
-7.842203036052601828e-01	4.100639653507108240e-01	-1.610646530452434222e-01	1.150366240194672152e+00	1.035047831547763197e-01
-7.842186140158413643e-01	4.100872020530130779e-01	-1.610523532642919586e-01	1.150399155304281162e+00	1.034957850550235897e-01
-7.842109208952272592e-01	4.101485258331902251e-01	-1.610752323182565171e-01	1.150367418867985769e+00	1.035044103237540564e-01
-7.841964854574454691e-01	4.101312209338029424e-01	-1.611121954533162315e-01	1.150350395625818756e+00	1.035220767566192301e-01
-7.841381007188361618e-01	4.101110026847938350e-01	-1.610359997807883636e-01	1.150361111969755434e+00	1.035059015791119919e-01
-7.841427673090640704e-01	4.100455879889524091e-01	-1.610826201658118739e-01	1.150364154902447922e+00	1.035052365115219641e-01
-7.841261582225201865e-01	4.101029934915844111e-01	-1.610730766405550907e-01	1.150377660470914609e+00	1.035047887209361861e-01
-7.842075212927928085e-01	4.101254744390975815e-01	-1.610682420186167474e-01	1.150364055016868781e+00	1.035094566319746251e-01
-7.842394551130005276e-01	4.100929491751241218e-01	-1.610617946693487790e-01	1.150366056703433948e+00	1.035066296993838036e-01
-7.841739375901418674e-01	4.101514592553708871e-01	-1.610751547662366001e-01	1.150371332871688468e+00	1.034794568536777787e-01
-7.841491535049133210e-01	4.101100982486368673e-01	-1.610774515516948113e-01	1.150367612719489285e+00	1.035048227797104592e-01
-7.841528590884978556e-01	4.100939855731422501e-01	-1.611174758721110323e-01	1.150374992846851407e+00	1.035149249341957983e-01
-7.841933348306955320e-01	4.101063048510737441e-01	-1.610716307667191816e-01	1.150386341400055912e+00	1.034748529853064258e-01
-7.842154619045378361e-01	4.101097392503497696e-01	-1.610705333218515056e-01	1.150382413726352748e+00	1.034745725221454665e-01
-7.841989466260119723e-01	4.100699179821497009e-01	-1.610795358096558660e-01	1.150371868366063977e+00	1.035131227268968473e-01
-7.841491895100909382e-01	4.100868764745290163e-01	-1.610865166366154955e-01	1.150366418367143595e+00	1.035042981140266161e-01
-7.841734961745987498e-01	4.101440706527081925e-01	-1.610640888332233733e-01	1.150402111142215134e+00	1.035001844384826342e-01
-7.842898366536475985e-01	4.100955327027304698e-01	-1.610666912920819260e-01	1.150369157316334379e+00	1.035042640306678696e-01
-7.842477664707097063e-01	4.100977569792367827e-01	-1.610731885364327653e-01	1.150367768347251962e+00	1.035047675543806223e-01
-7.841321605886318880e-01	4.100491400235864448e-01	-1.610724751683462463e-01	1.150367525763162035e+00	1.035046489294190047e-01
-7.841958700623394840e-01	4.100957124762137362e-01	-1.610725873340345948e-01	1.150366104545265999e+00	1.035043163635400443e-01
-7.842213702743068282e-01	4.101426621132090444e-01	-1.610708179519752536e-01	1.150352651075991828e+00	1.035045187532788735e-01
-7.841233020836023693e-01	4.100889385097835627e-01	-1.610771142428419345e-01	1.150366887845578834e+00	1.035076658955151052e-01
-7.841750160690436067e-01	4.101422242010274166e-01	-1.610796147837905978e-01	1.150358995621796776e+00	1.034930083203552675e-01
-7.842300140433340339e-01	4.100822405670218052e-01	-1.610736503616440884e-01	1.150366016044899187e+00	1.035026573328509253e-01
-7.841705598511434783e-01	4.100836432678913179e-01	-1.610713871162745559e-01	1.150380255510687011e+00	1.035038701078679485e-01
-7.842103626365306557e-01	4.101474292532945043e-01	-1.610639879344900327e-01	1.150414648478932822e+00	1.035055665037413336e-01
-7.842019867005591838e-01	4.101695356901552958e-01	-1.610950613561154543e-01	1.150364718478938286e+00	1.034968786759947329e-01
-7.842794143218352332e-01	4.101012313997259295e-01	-1.610768944566788874e-01	1.150366882412875658e+00	1.035045374304142812e-01
-7.842180410500462218e-01	4.101032153131202174e-01	-1.610749794852701089e-01	1.150435321937314903e+00	1.035057221031504965e-01
-7.842435378071559438e-01	4.100982466927133308e-01	-1.610723000325918197e-01	1.150354888448696933e+00	1.035021550289604714e-01
-7.842264852736591241e-01	4.101115276582706359e-01	-1.610733526045948494e-01	1.150371591164930374e+00	1.035019159151367163e-01
-7.841979031736856509e-01	4.100797936481178074e-01	-1.610725836346228734e-01	1.150375235085898229e+00	1.034823299978926692e-01
-7.841759785314313946e-01	4.101441119164700444e-01	-1.610682899756770703e-01	1.150365940678014454e+00	1.035031317675312174e-01
-7.842056960172351099e-01	4.100842997542308854e-01	-1.610846368806733431e-01	1.150343015423476167e+00	1.035098565220753802e-01
-7.841937354894698009e-01	4.100842209329787491e-01	-1.610609951993388078e-01	1.150380622601125058e+00	1.035149072270190179e-01
-7.842351999387734418e-01	4.101101105098017841e-01	-1.610741761978898567e-01	1.150361366999848256e+00	1.034748485222515002e-01
-7.841779960768556768e-01	4.101457876312046280e-01	-1.610735152662250702e-01	1.150368537221582832e+00	1.034736712714696555e-01
-7.840999340368129955e-01	4.100987576801531365e-01	-1.610816955880035872e-01	1.150367254857144639e+00	1.035054301210670685e-01
-7.842738730195625285e-01	4.101031425048768386e-01	-1.610757494547204738e-01	1.150366253581687648e+00	1.035025645557669099e-01
-7.842066838981534005e-01	4.101046074212864045e-01	-1.610434395553039799e-01	1.150367264750584706e+00	1.035027096065442576e-01
-7.841684234500979622e-01	4.101227764750727256e-01	-1.611327946760955365e-01	1.150367492923190182e+00	1.035046310731167624e-01
-7.841548550663406392e-01	4.100840053059075507e-01	-1.610773327520048093e-01	1.150367460091476390e+00	1.035052314506622745e-01
-7.842136912430961448e-01	4.100979211402124291e-01	-1.610954765805630573e-01	1.150370718984783602e+00	1.035094460087484652e-01
-7.842604992406227993e-01	4.101252989461637855e-01	-1.610786453787073080e-01	1.150367054165682523e+00	1.035039694506398600e-01
-7.841687285764803450e-01	4.100970481207804053e-01	-1.610728729199603637e-01	1.150333146332156442e+00	1.035044508946199732e-01
-7.841662155162052450e-01	4.101248946788239591e-01	-1.610758179148563118e-01	1.150359008731953736e+00	1.035169933490080740e-01
-7.842042657973649078e-01	4.101159738625737572e-01	-1.610724308129937166e-01	1.150364415553701614e+00	1.035358961659772620e-01
-7.841681485064315726e-01	4.100338837372608514e-01	-1.610661517962877765e-01	1.150368735694019318e+00	1.035041034886184652e-01
-7.841584653246940206e-01	4.100974220590170027e-01	-1.610723605195073238e-01	1.150367306484350483e+00	1.035045311390521694e-01
-7.841170336123878259e-01	4.101078401022562603e-01	-1.610723832749941520e-01	1.150367464853616184e+00	1.035046048895131021e-01
-7.841943881445899711e-01	4.100671410013253526e-01	-1.610433073513938829e-01	1.150379301773339691e+00	1.035044209348697508e-01
-7.842011426442146993e-01	4.100325983103828564e-01	-1.610945525686644231e-01	1.150360373195570052e+00	1.035040754176614758e-01
-7.841943877185714173e-01	4.100019753978007553e-01	-1.610708657375524711e-01	1.150363303406081839e+00	1.035049584913454168e-01
-7.841899243032244282e-01	4.100291714150780531e-01	-1.610577632988164365e-01	1.150369457792851824e+00	1.035142262841682037e-01
-7.842224840601238478e-01	4.101002048743865869e-01	-1.610749853480458460e-01	1.150367065266624023e+00	1.035223265386437663e-01
-7.841922462133171789e-01	4.101068012963104970e-01	-1.611166959321933823e-01	1.150346935812923244e+00	1.034527605981410830e-01
-7.842128422599232707e-01	4.100876459285781039e-01	-1.611239019652078441e-01	1.150356619806649716e+00	1.035072839273686179e-01
-7.842064511689327277e-01	4.100649945109656747e-01	-1.610542770818036706e-01	1.150402629559773571e+00	1.034567877971812183e-01
-7.841535815469069526e-01	4.100930953459915873e-01	-1.610715867906184207e-01	1.150363400816637238e+00	1.034973445455835278e-01
-7.842829294449100708e-01	4.100604246382866247e-01	-1.610711273272885657e-01	1.150369829210247552e+00	1.034994831396315595e-01
-7.842590894209672259e-01	4.101039816441811037e-01	-1.610657879611526455e-01	1.150349189319753940e+00	1.035122618756948581e-01
-7.842064446000397426e-01	4.100934971088269210e-01	-1.610174214590112951e-01	1.150349112713150657e+00	1.034991202679264588e-01
-7.841658671065629971e-01	4.100940981069403635e-01	-1.610705123504068415e-01	1.150360746748753993e+00	1.035267721126209572e-01
-7.841516748133816606e-01	4.100776702822088171e-01	-1.610917711008730824e-01	1.150363026744541717e+00	1.035025131449817393e-01
-7.841887586224091100e-01	4.101345020050936596e-01	-1.610720009302736289e-01	1.150358423655327922e+00	1.035167476229802708e-01
-7.841716365218598384e-01	4.101117581403610490e-01	-1.610806673616747564e-01	1.150370043586076418e+00	1.035043779821783055e-01
-7.842186267061236338e-01	4.100822117457054161e-01	-1.610720013336378875e-01	1.150382701411424513e+00	1.034931276868666372e-01
-7.841629796261863072e-01	4.100896649254044402e-01	-1.610744075501738815e-01	1.150366068668412067e+00	1.035068343885271747e-01
-7.842515062718490304e-01	4.100883941619600792e-01	-1.610551514767929737e-01	1.150371088063037339e+00	1.035044254455577128e-01
-7.842576735901019003e-01	4.100928197043247070e-01	-1.610921587232746754e-01	1.150352343081086914e+00	1.035153757080197467e-01
-7.841274135671717493e-01	4.100941543263190159e-01	-1.610792929223156256e-01	1.150376840242163246e+00	1.034963745316788003e-01
-7.841593656401323331e-01	4.100836491376014803e-01	-1.610631673288405452e-01	1.150367000300248410e+00	1.035041005509733797e-01
-7.841568070118357658e-01	4.100919926861416043e-01	-1.610299258523343324e-01	1.150356030889448489e+00	1.035068499348578280e-01
-7.841528170139818732e-01	4.101009230780161552e-01	-1.610699132108352749e-01	1.150360147030957236e+00	1.035163549192848337e-01
-7.841499251298051920e-01	4.100892744651206123e-01	-1.610550260771138886e-01	1.150367736984418743e+00	1.035089216561946440e-01
-7.842142560557021636e-01	4.100973384587317527e-01	-1.610884767955066965e-01	1.150367748506034626e+00	1.034849141249351567e-01
-7.842449471128538629e-01	4.100994060383413853e-01	-1.610579700324245855e-01	1.150373437061751991e+00	1.034992854083218033e-01
-7.841509772691055424e-01	4.100675173647081451e-01	-1.610983998109405957e-01	1.150365914615802065e+00	1.035033997139539197e-01
-7.842251279565914945e-01	4.101192847800260721e-01	-1.610397263062593731e-01	1.150367709260400551e+00	1.035055717190848240e-01
-7.842176762158797887e-01	4.101356384757255391e-01	-1.610873443484266421e-01	1.150347762863163092e+00	1.034947997660350810e-01
-7.842040904481651920e-01	4.100628486484619861e-01	-1.610868314410511815e-01	1.150422296710392533e+00	1.035137709941164191e-01
-7.841650528949387633e-01	4.101098561456916758e-01	-1.610767076314652824e-01	1.150357648003951239e+00	1.035040643904620861e-01
-7.842678700398719727e-01	4.100973655887821812e-01	-1.610733627049171501e-01	1.150371375392471807e+00	1.035048890661603715e-01
-7.842385000327978251e-01	4.101172195333202541e-01	-1.610729994924761099e-01	1.150370813917052537e+00	1.034985352198622144e-01
-7.842398829347394518e-01	4.100979580906325972e-01	-1.610716616125333622e-01	1.150367398306926914e+00	1.035045110771836280e-01
-7.842372051939017208e-01	4.100608552225396553e-01	-1.610728454740443238e-01	1.150367324160876281e+00	1.035063475651707976e-01
-7.841026145955121152e-01	4.100986122816920321e-01	-1.610725020289665022e-01	1.150373206617700594e+00	1.035170648547485139e-01
-7.842154565303979252e-01	4.101035240531546444e-01	-1.610965582822884989e-01	1.150367448397081160e+00	1.035114439707760098e-01
-7.842474768462729395e-01	4.101423781460628581e-01	-1.610458030332269919e-01	1.150367725217746440e+00	1.035044498581750710e-01
-7.842138607931882222e-01	4.100682417838361071e-01	-1.610720887496766840e-01	1.150367450235110001e+00	1.035046621648876564e-01
-7.842731868729239109e-01	4.100672998138909509e-01	-1.610721081017272571e-01	1.150367834898906150e+00	1.035036004548910288e-01
-7.842536540727821359e-01	4.100961654131513590e-01	-1.610680452304184551e-01	1.150369571481396402e+00	1.035149368869639763e-01
-7.842702829253659358e-01	4.100948696541589777e-01	-1.610723784299417927e-01	1.150370350293864696e+00	1.035040669987446066e-01
-7.841826837876938461e-01	4.101035373365269354e-01	-1.610534643727911663e-01	1.150357331150253071e+00	1.034793985603398442e-01
-7.841725495394534784e-01	4.100770801938590226e-01	-1.610626881370404162e-01	1.150405704420250697e+00	1.034923218631703390e-01
-7.841282663922800600e-01	4.101119490430860659e-01	-1.610731684929707641e-01	1.150360028432092729e+00	1.034948208425152810e-01
-7.842365916372751045e-01	4.101013838557990843e-01	-1.610282129722781785e-01	1.150353127969058642e+00	1.034990598430322734e-01
-7.841518607874297109e-01	4.100921517405203831e-01	-1.610850555117722682e-01	1.150342406336374523e+00	1.035031796858069675e-01
-7.841889951088282240e-01	4.100884445658329880e-01	-1.611466908980476731e-01	1.150393664559735241e+00	1.035042749311926025e-01
-7.841567246764153953e-01	4.100900082726484652e-01	-1.610596385273638798e-01	1.150366564267958358e+00	1.034918438744930336e-01
-7.842171244170176303e-01	4.100322291561689925e-01	-1.610794098281629894e-01	1.150375083056818681e+00	1.035000243582619162e-01
-7.842842555699833795e-01	4.100975128175348150e-01	-1.610720500655399845e-01	1.150369260756626266e+00	1.035046384015738674e-01
-7.841171528520425316e-01	4.100932134749118996e-01	-1.610596222953487866e-01	1.150367906293580322e+00	1.035123906583322456e-01
-7.841776509198180589e-01	4.100772559027670017e-01	-1.610704348314650480e-01	1.150371277405418002e+00	1.035097726124028644e-01
-7.842794001802515513e-01	4.100599594457986496e-01	-1.610715015335927036e-01	1.150368690668112759e+00	1.035044832749400512e-01
-7.842309179451341095e-01	4.100951703097576728e-01	-1.611176902562826418e-01	1.150367584403858112e+00	1.035047662602644192e-01
-7.841555759339650100e-01	4.101113737715101903e-01	-1.610731788923819852e-01	1.150369168823578869e+00	1.035102242539433504e-01
-7.841387655723124350e-01	4.100906927690867732e-01	-1.610723749762697221e-01	1.150367443834381831e+00	1.035046434728011250e-01
-7.841373260965082137e-01	4.101158139829551574e-01	-1.610564958628860621e-01	1.150360118993127179e+00	1.035023209466502947e-01
-7.841457989878192203e-01	4.100975036829056508e-01	-1.610450327767505019e-01	1.150350248240146200e+00	1.034716901942454859e-01
-7.842878938073031270e-01	4.101009294815720074e-01	-1.610706052292256441e-01	1.150367389584951106e+00	1.035044419609774252e-01
-7.841639935811816065e-01	4.100872379980858851e-01	-1.610822184228056786e-01	1.150350800080131686e+00	1.034901217748285113e-01
-7.842024806118660374e-01	4.101017522203336263e-01	-1.610050026699983705e-01	1.150367449763892713e+00	1.035041741087713851e-01
-7.841286831558559323e-01	4.101044987293189781e-01	-1.611014982320503608e-01	1.150371185565184140e+00	1.035129968499327729e-01
-7.841397235934219889e-01	4.100933020501178472e-01	-1.610724115083310981e-01	1.150391848780912607e+00	1.034901849720761824e-01
-7.841710077909239685e-01	4.101106288113189891e-01	-1.610738362317313543e-01	1.150365154999986039e+00	1.035033038725887145e-01
-7.842273562427036770e-01	4.100989706352438646e-01	-1.610695542204786113e-01	1.150363932895903440e+00	1.035054212592024653e-01
-7.842172868990815449e-01	4.100319025874589740e-01	-1.610700908154546751e-01	1.150361182914699798e+00	1.035188806171950943e-01
-7.841510752354771130e-01	4.101037317254102588e-01	-1.610445001657511421e-01	1.150369368377074597e+00	1.035056546517720416e-01
-7.841911167091247803e-01	4.100435107305301363e-01	-1.610710552297313913e-01	1.150358979418042882e+00	1.034937895950762965e-01
-7.841873745044896094e-01	4.101236819670680545e-01	-1.610386124207080771e-01	1.150364913570993464e+00	1.035632959409517745e-01
-7.841771564048476417e-01	4.100730687564198562e-01	-1.610674924633233029e-01	1.150358783771230797e+00	1.035146024262730141e-01
-7.841819490970203255e-01	4.100613680280380535e-01	-1.610707109731982223e-01	1.150368763689536333e+00	1.035026010770326299e-01
-7.841899240155795203e-01	4.101148865416501810e-01	-1.610581761704686365e-01	1.150368155179062102e+00	1.034382159167772930e-01
-7.842197810761134535e-01	4.100443689590711482e-01	-1.610722358263026455e-01	1.150368973733781663e+00	1.035366359136345726e-01
-7.842241373249880798e-01	4.101071434805155236e-01	-1.610797468724683157e-01	1.150361797145261100e+00	1.034999787403510368e-01
-7.842121053078328075e-01	4.100780248822183949e-01	-1.610722983867038383e-01	1.150367538580200799e+00	1.035046125169008374e-01
-7.842031982046685501e-01	4.100992452270215138e-01	-1.610691752726032822e-01	1.150351285391679079e+00	1.035018760605640464e-01
-7.842462194345825033e-01	4.100865885138318401e-01	-1.610752295097851172e-01	1.150368358704005445e+00	1.035067157256383957e-01
-7.841895238462017748e-01	4.101029463262021446e-01	-1.610726637515145221e-01	1.150368213842141829e+00	1.035066506305363648e-01
-7.842749572277871728e-01	4.101019334985033793e-01	-1.610632032347479869e-01	1.150374619636241436e+00	1.035036820049132222e-01
-7.841222896868274006e-01	4.100915019815303819e-01	-1.610664478579479086e-01	1.150368507076767299e+00	1.035046330921769731e-01
-7.841791175196317631e-01	4.100129489957001772e-01	-1.610521458498989922e-01	1.150357483749878229e+00	1.035066820785743025e-01
-7.841905203679938596e-01	4.101095777195861714e-01	-1.610473796614292075e-01	1.150431233877657000e+00	1.035453479852301573e-01
-7.841978391000672399e-01	4.100188421936327710e-01	-1.610685060810370661e-01	1.150366381298822516e+00	1.035251494512623577e-01
-7.841882495307497258e-01	4.100985600742989567e-01	-1.610728135438594943e-01	1.150367468535332671e+00	1.035040995170021655e-01
-7.842583156201402561e-01	4.100900689345880479e-01	-1.610704515212515175e-01	1.150366543067725011e+00	1.035249405197909423e-01
-7.841848620177889195e-01	4.100740508649211580e-01	-1.610753428750463789e-01	1.150367073833657106e+00	1.035037279866802690e-01
-7.842087637498642572e-01	4.101270329698864514e-01	-1.610347124542701180e-01	1.150334720440640890e+00	1.035097048401076719e-01
-7.842099141865639389e-01	4.100871011351143181e-01	-1.610404740808858981e-01	1.150391983948408470e+00	1.035024257176728052e-01
-7.842122660658472633e-01	4.101003041864328957e-01	-1.610719589959838383e-01	1.150366067093272937e+00	1.035009565748306187e-01
-7.841607194847737272e-01	4.101086151358787624e-01	-1.610620841170140594e-01	1.150378451663085722e+00	1.034987316084171327e-01
-7.841990088645097723e-01	4.100686991081211596e-01	-1.610685325715073002e-01	1.150333141421245653e+00	1.035020412068754225e-01
-7.842418582794233872e-01	4.101003303428210622e-01	-1.610726593316005595e-01	1.150366797458106216e+00	1.035045329632660605e-01
-7.841218638414596542e-01	4.100859578821685614e-01	-1.610947862720882029e-01	1.150368852665124120e+00	1.035043213113618216e-01
-7.842120060601839304e-01	4.101501298204994206e-01	-1.610633375182897453e-01	1.150368165506867824e+00	1.034882788777075208e-01
-7.842463255779890119e-01	4.100867306639375820e-01	-1.610859362838880648e-01	1.150350563510370572e+00	1.035172099756452441e-01
-7.841789378710112279e-01	4.100659326895463863e-01	-1.610734521743867609e-01	1.150366044769810303e+00	1.035047002674863437e-01
-7.841703685453476069e-01	4.100974475734080471e-01	-1.610734416569816196e-01	1.150364748759659550e+00	1.035041598296760484e-01
-7.841773657996743419e-01	4.101016152126070735e-01	-1.610241030355163416e-01	1.150366389742083051e+00	1.035031730911652459e-01
-7.841916344186390386e-01	4.101926745149303000e-01	-1.610711910943090353e-01	1.150368938826296539e+00	1.035045887417531119e-01
-7.841363552225397715e-01	4.101018979216601301e-01	-1.610799385494750546e-01	1.150364761199724528e+00	1.035035758365156489e-01
-7.842355823287487926e-01	4.100475012825178789e-01	-1.610901059306796279e-01	1.150376391110098373e+00	1.035350112974635639e-01
-7.842009025985924309e-01	4.100563051508737678e-01	-1.610498063407168889e-01	1.150380257967169140e+00	1.035121348094584920e-01
-7.841754284200765923e-01	4.100943449480491387e-01	-1.610730876663007682e-01	1.150333461568105786e+00	1.035404535165419665e-01
-7.841962931917689783e-01	4.101417062712452988e-01	-1.610921177459525566e-01	1.150384540420928081e+00	1.035073785727696899e-01
-7.841905266081869996e-01	4.101027550118591658e-01	-1.610719703185675700e-01	1.150373570831752401e+00	1.035005473342725801e-01
-7.841950876074101906e-01	4.100740070767812662e-01	-1.610717761165190998e-01	1.150367369510404636e+00	1.035011449350101698e-01
-7.842214364656714398e-01	4.101144285275615253e-01	-1.610204285996959805e-01	1.150365256460932351e+00	1.035070298989779342e-01
-7.841162570032409462e-01	4.100930297421999660e-01	-1.610651949715665443e-01	1.150402228091597534e+00	1.035190605131531688e-01
-7.841384437051592826e-01	4.100745372363039376e-01	-1.610740333527838075e-01	1.150378144082761622e+00	1.035052135402877577e-01
-7.842081035457549865e-01	4.100095438131894920e-01	-1.610793616515492632e-01	1.150363682507409058e+00	1.035034847448854795e-01
-7.842870007206577121e-01	4.100963367784278280e-01	-1.610618500013822063e-01	1.150376549078855781e+00	1.035041643874987927e-01
-7.842092789282862908e-01	4.101847780311388414e-01	-1.610726688308929955e-01	1.150367302071241715e+00	1.035054592134781459e-01
-7.841564065216538593e-01	4.101014396822584840e-01	-1.611109449096690405e-01	1.150358426126158795e+00	1.035207134322260469e-01
-7.842401629577722133e-01	4.101131316606947408e-01	-1.610636450592419222e-01	1.150367438302931866e+00	1.035035609731898565e-01
-7.842131860166930979e-01	4.101483812652090277e-01	-1.610760532654255672e-01	1.150378739318937749e+00	1.035042949967221182e-01
-7.841873470551943281e-01	4.101330487925696211e-01	-1.610339633060422493e-01	1.150395401548169438e+00	1.035236996355035771e-01
-7.841740020088564522e-01	4.100735534758178091e-01	-1.611128456329382619e-01	1.150365455364192435e+00	1.035017596224676595e-01
-7.842515427602818612e-01	4.101005936201943536e-01	-1.610666994124229368e-01	1.150367369847560495e+00	1.035028650637614817e-01
-7.841897846688860030e-01	4.101005780913038468e-01	-1.609949779367556844e-01	1.150374598680468097e+00	1.034920342032143031e-01
-7.842171678400186030e-01	4.101013498812784985e-01	-1.610795417221080883e-01	1.150367496992808380e+00	1.035032530015682212e-01
-7.842491351351984497e-01	4.100952176640672020e-01	-1.610697065846427301e-01	1.150366709902717277e+00	1.035049162377516818e-01
-7.841426854111724909e-01	4.100500287616911654e-01	-1.610751163498953531e-01	1.150339264851288679e+00	1.035013010410858747e-01
-7.842625920369796777e-01	4.100816148230689850e-01	-1.610950258486681663e-01	1.150361853773604226e+00	1.035045987013911845e-01
-7.842181298491407437e-01	4.101116340683205741e-01	-1.611145007547212238e-01	1.150367251679402125e+00	1.034873462166073649e-01
-7.841575675305947346e-01	4.100938271890464115e-01	-1.610699115496446732e-01	1.150364153848459692e+00	1.035159544286036598e-01
-7.842096524159043458e-01	4.100845884401346786e-01	-1.610732026248269666e-01	1.150367207556160842e+00	1.035050047693350794e-01
-7.842415293186313363e-01	4.101732268293311057e-01	-1.610792505510848238e-01	1.150365511398390828e+00	1.035042375130869607e-01
-7.842224582352781415e-01	4.101435823774474132e-01	-1.610737791038707734e-01	1.150338596839353134e+00	1.035011989625955475e-01
-7.842155991961902162e-01	4.101060287853506292e-01	-1.610639016605222851e-01	1.150364133140747258e+00	1.035041530847998908e-01
-7.842363531628258055e-01	4.101016405805935072e-01	-1.611046782784160136e-01	1.150372099273265780e+00	1.034792844462026490e-01
-7.841633187310476094e-01	4.101438178543516666e-01	-1.610949546061324344e-01	1.150367061637478816e+00	1.035064754479069898e-01
-7.841956589653192866e-01	4.100242445677825254e-01	-1.610757675478572959e-01	1.150368111473925259e+00	1.035051044148186244e-01
-7.842155055648607487e-01	4.101222580175503674e-01	-1.610751768100955605e-01	1.150380050383488895e+00	1.035425433031716691e-01
-7.841441457938839177e-01	4.100917547575656519e-01	-1.610640879182697049e-01	1.150355132119705637e+00	1.035115752185726268e-01
-7.842034940672382159e-01	4.101154778775536469e-01	-1.610847834698274639e-01	1.150382993900595618e+00	1.034971928279454778e-01
-7.842027021525384001e-01	4.101012083041571943e-01	-1.610859004739416678e-01	1.150372893308602151e+00	1.034687542035830771e-01
-7.842011184764376974e-01	4.100896132849512488e-01	-1.610591014837224610e-01	1.150365894595977379e+00	1.035046219658559419e-01
-7.841506382489287219e-01	4.101306692960286493e-01	-1.610717312551599445e-01	1.150365320455517093e+00	1.034954811372779671e-01
-7.842703412573424071e-01	4.100887637449258105e-01	-1.610734389978066283e-01	1.150367619315289858e+00	1.035068562618635529e-01
-7.841780226604072590e-01	4.101252717097764178e-01	-1.611069292920538354e-01	1.150360247322639529e+00	1.035065939784948208e-01
-7.842686191883551095e-01	4.100930593804418822e-01	-1.610725877689966612e-01	1.150367439650033186e+00	1.035047297873774447e-01
-7.842238644902914668e-01	4.101054523830630627e-01	-1.610824344663132346e-01	1.150363125628142580e+00	1.035084084061387300e-01
-7.841526905439273332e-01	4.100995398851452478e-01	-1.610719689236894681e-01	1.150367219647381978e+00	1.035013370576811365e-01
-7.841678981690896055e-01	4.101244481138640041e-01	-1.611100731147091791e-01	1.150421746944224166e+00	1.035268104394134886e-01
-7.841305983283920478e-01	4.101146667764298814e-01	-1.610730994386502801e-01	1.150365017637430931e+00	1.035097154734248431e-01
-7.841887962020741565e-01	4.101060305826573216e-01	-1.610591092104100286e-01	1.150365177850072973e+00	1.035035587436756582e-01
-7.841782723135100053e-01	4.100837257190386165e-01	-1.610705015300382403e-01	1.150377716193180300e+00	1.035322773023961557e-01
-7.841018523274994045e-01	4.100863810181660796e-01	-1.610685297164053953e-01	1.150366754488446608e+00	1.035054820956152755e-01
-7.841865794152644842e-01	4.100870344880478413e-01	-1.610391910670046778e-01	1.150364459517409177e+00	1.035051265851202329e-01
-7.841903029830056271e-01	4.101483968158199933e-01	-1.610998875830103871e-01	1.150381651266034311e+00	1.035219296038819292e-01
-7.841982962893526699e-01	4.101193873189860062e-01	-1.610837894622317856e-01	1.150317193328385335e+00	1.035103093849288614e-01
-7.841906964166993621e-01	4.101009946468520129e-01	-1.610634280433983490e-01	1.150371660453342715e+00	1.035109028816528359e-01
-7.841582199405208176e-01	4.101292703848594678e-01	-1.610711437773915122e-01	1.150386338606807834e+00	1.035058871790917184e-01
-7.841985412519072440e-01	4.100965386739498508e-01	-1.610655469067271972e-01	1.150355183031419370e+00	1.035423799651593313e-01
-7.842088544470829925e-01	4.101103296798551123e-01	-1.610698432039684713e-01	1.150368550985540805e+00	1.035001283329120281e-01
-7.841989154184142441e-01	4.100584777584277973e-01	-1.610760501448228466e-01	1.150369959760077387e+00	1.035176544206146548e-01
-7.841829356365899173e-01	4.100586550624858440e-01	-1.610799345587917430e-01	1.150374132773066549e+00	1.035048666776462178e-01
-7.842520391433742688e-01	4.100937234993926594e-01	-1.610526088055232452e-01	1.150391259805532140e+00	1.035475437193892900e-01
-7.841667749391610931e-01	4.100221020482127665e-01	-1.610704041301422862e-01	1.150379619341820314e+00	1.035255523965809832e-01
-7.842030428161888000e-01	4.100965537612020206e-01	-1.610574757842566096e-01	1.150369528331026237e+00	1.035036358409832519e-01
-7.842210797573511138e-01	4.100681923562944364e-01	-1.610906581613627542e-01	1.150368470846585778e+00	1.035040415352424109e-01
-7.842241567377937761e-01	4.101713245480468895e-01	-1.610310067760866437e-01	1.150376204701506033e+00	1.035027930270685376e-01
-7.842313436204284560e-01	4.101294596428515238e-01	-1.611087864046304441e-01	1.150333999403198915e+00	1.034966241816772520e-01
-7.842269005607697130e-01	4.100599979284880181e-01	-1.610731317979675059e-01	1.150371488699589495e+00	1.035044934920360815e-01
-7.842808975598174470e-01	4.100934238045691460e-01	-1.610724690112797231e-01	1.150366944907973643e+00	1.035051192371925083e-01
-7.841421199731446467e-01	4.100975952453724260e-01	-1.610557375424778170e-01	1.150369512929942939e+00	1.035044558835810646e-01
-7.842820080375861869e-01	4.100690013297343395e-01	-1.610729264283979334e-01	1.150366740774340091e+00	1.035038398099890344e-01
-7.842794948493313489e-01	4.101012550216648900e-01	-1.610724609614646863e-01	1.150366821338975942e+00	1.035043305704265171e-01
-7.841644087019579157e-01	4.100213770067251406e-01	-1.610892033453160954e-01	1.150366135685682911e+00	1.035040280418847852e-01
-7.841967151294181315e-01	4.101050130361558188e-01	-1.610821555274924988e-01	1.150377097610388644e+00	1.035271777136996113e-01
-7.842648763521058441e-01	4.100893919184466774e-01	-1.610889390432948820e-01	1.150366859067388337e+00	1.034925864293599340e-01
-7.842302752666250321e-01	4.100909084061615251e-01	-1.610449507513151135e-01	1.150353159100605982e+00	1.034871459262615839e-01
-7.841924289890164212e-01	4.101499034064267080e-01	-1.610656692827205916e-01	1.150365766114666899e+00	1.035053181631878233e-01
-7.841672930032254074e-01	4.101001863989839347e-01	-1.610734392616257615e-01	1.150348289848788452e+00	1.035082639169139784e-01
-7.841963353157105354e-01	4.101037961888886474e-01	-1.610791749959681884e-01	1.150366124082832453e+00	1.034770831846002909e-01
-7.842321424001106323e-01	4.100949721063158471e-01	-1.610824767592982931e-01	1.150344926368578102e+00	1.034893327073307528e-01
-7.842525589099436090e-01	4.100981527154068385e-01	-1.610697706651546823e-01	1.150367440914172867e+00	1.035045535515707327e-01
-7.842107754625825544e-01	4.100912134746855786e-01	-1.610711192230222799e-01	1.150366780442466208e+00	1.035042968136346969e-01
-7.841554071783218838e-01	4.100714802727992714e-01	-1.610769051242037231e-01	1.150363882142068972e+00	1.035551877001554960e-01
-7.841996575548207948e-01	4.101249813094834384e-01	-1.610955104102048674e-01	1.150368699282587892e+00	1.034780530716860325e-01
-7.841675002716194109e-01	4.100883094966840670e-01	-1.610402393016753253e-01	1.150368655735340750e+00	1.034921754413559436e-01
-7.841548922457348691e-01	4.100693592933202236e-01	-1.610696828635222733e-01	1.150368084142100900e+00	1.035049432188929891e-01
-7.842197552863268140e-01	4.100346433632581777e-01	-1.610729560337118005e-01	1.150367542959454203e+00	1.035080433728917115e-01
-7.842028563897815996e-01	4.100912386203448001e-01	-1.610715048975895070e-01	1.150349494796824912e+00	1.035042428545141918e-01
-7.841611917554465183e-01	4.100820720812611841e-01	-1.610717139380486440e-01	1.150414275021624633e+00	1.035041757026063797e-01
-7.842664852033383038e-01	4.100982468040703099e-01	-1.610622400286536304e-01	1.150369430909387036e+00	1.035110640912158680e-01
-7.842845059705079169e-01	4.100885623372919619e-01	-1.610738762410541813e-01	1.150369646075838803e+00	1.035046787385478784e-01
-7.842551207046443151e-01	4.100992685344616584e-01	-1.610738872130420551e-01	1.150367144743392522e+00	1.035080086756496182e-01
-7.841413587717472877e-01	4.100959568382652742e-01	-1.610623648665030216e-01	1.150365655641818918e+00	1.035133337564443368e-01
-7.841873056036888778e-01	4.100238655922031628e-01	-1.611091474832582748e-01	1.150374273716632256e+00	1.034952294763931829e-01
-7.841894405499663101e-01	4.100958303291402651e-01	-1.610724056748613908e-01	1.150376498234592315e+00	1.034838180010119874e-01
-7.842771088957348757e-01	4.100721586207435876e-01	-1.610686038102469297e-01	1.150366858142811477e+00	1.035044943890397612e-01
-7.842047561381246812e-01	4.101620168306140957e-01	-1.610766682953851670e-01	1.150350307944355777e+00	1.034983729385314938e-01
-7.841802774509741836e-01	4.100853315879069427e-01	-1.610664211669219081e-01	1.150369735840835794e+00	1.034958613768900970e-01
-7.841793707886477449e-01	4.100874411753566706e-01	-1.610787927629492022e-01	1.150365382381884904e+00	1.035077087977201160e-01
-7.842013799425373577e-01	4.101918992455104163e-01	-1.610727609084889878e-01	1.150370375883430718e+00	1.035069376357861809e-01
-7.841867983043168122e-01	4.100995904087382238e-01	-1.610709986390996273e-01	1.150369467690772085e+00	1.035047532191004094e-01
-7.842004868874871137e-01	4.101350741235464947e-01	-1.610709285039155503e-01	1.150367783369094399e+00	1.035064638691314542e-01
-7.841914858678800115e-01	4.100019050326412229e-01	-1.610732997860431504e-01	1.150367625285025674e+00	1.035035105760226115e-01
-7.841965635104137800e-01	4.101233404636064894e-01	-1.610648128610331631e-01	1.150365233188980651e+00	1.034804783230374725e-01
-7.842887666535909297e-01	4.101155650412283138e-01	-1.610691663931329287e-01	1.150366721088158295e+00	1.035018107896522044e-01
-7.841716287491522497e-01	4.101070977116674232e-01	-1.610709976418472356e-01	1.150364471602707717e+00	1.035061495194138509e-01
-7.841992980509465694e-01	4.101031918024303224e-01	-1.610476857783997573e-01	1.150337141584098388e+00	1.034875892549633469e-01
-7.842697568040687406e-01	4.100986047453975547e-01	-1.610720571586526373e-01	1.150368215772720193e+00	1.035047245090380541e-01
-7.842060969718451791e-01	4.100166267223147587e-01	-1.610723823535763766e-01	1.150368317243249283e+00	1.035049183881776719e-01
-7.842078839005204305e-01	4.100774207386360670e-01	-1.610795409713288440e-01	1.150386991260552660e+00	1.034975487352242929e-01
-7.841859426071891015e-01	4.101225937967243884e-01	-1.610745910563490535e-01	1.150376139331214853e+00	1.034986929034647368e-01
-7.841359685613576991e-01	4.100975324752469398e-01	-1.610719420526935397e-01	1.150367908457405886e+00	1.035047625424818235e-01
-7.842832592900513822e-01	4.100966137861397631e-01	-1.610726368562920841e-01	1.150367597691769772e+00	1.035045316927112741e-01
-7.841246665397717530e-01	4.101017677021275287e-01	-1.610707735601188961e-01	1.150369627645894788e+00	1.035097587074213232e-01
-7.842330726721159495e-01	4.100891776653298182e-01	-1.610748402276938607e-01	1.150363265137986035e+00	1.034896235166553047e-01
-7.842460398746324834e-01	4.101195752492375335e-01	-1.610727457627212922e-01	1.150368971277025754e+00	1.034987176553696792e-01
-7.842150998626657987e-01	4.101751266981945032e-01	-1.610404306322616996e-01	1.150365793925753222e+00	1.035046283404117140e-01
-7.842020850083720740e-01	4.100846831371425805e-01	-1.610792074839683119e-01	1.150380138469673463e+00	1.035208270090643284e-01
-7.841468510667215508e-01	4.100985899735408169e-01	-1.610757529433410051e-01	1.150370771522376545e+00	1.035050251672377103e-01
-7.842011124962819935e-01	4.101213254222652593e-01	-1.610733504436943631e-01	1.150367885698482029e+00	1.035093663484047549e-01
-7.841970892275765825e-01	4.101350170359700509e-01	-1.610728202816726351e-01	1.150367233416861534e+00	1.035044206691499019e-01
-7.841525932239976626e-01	4.100966715745874569e-01	-1.610700123812441598e-01	1.150372238943556447e+00	1.035108435813711231e-01
-7.842207011383118820e-01	4.101082630246389304e-01	-1.610754968230668771e-01	1.150381305981875935e+00	1.035048910578706405e-01
-7.842207639135523323e-01	4.100956271273082931e-01	-1.610759577398593601e-01	1.150367441951388736e+00	1.035036040635129440e-01
-7.841956724240050081e-01	4.100773722312542335e-01	-1.611016932790579892e-01	1.150355387722786338e+00	1.035712020036016756e-01
-7.841969000415641711e-01	4.100529279786048198e-01	-1.610638034179357470e-01	1.150364160035963756e+00	1.035028322146564206e-01
-7.842289951813858906e-01	4.100785945827440937e-01	-1.610703002332903311e-01	1.150368498032416920e+00	1.034946675687644368e-01
-7.842030582147515583e-01	4.100048416921108774e-01	-1.610722178608880728e-01	1.150369946051900572e+00	1.035082154701605361e-01
-7.842732067350346448e-01	4.101062482260787734e-01	-1.610720532730859078e-01	1.150368607311799352e+00	1.035047055813038408e-01
-7.841041532380411683e-01	4.101050882757146243e-01	-1.610651730291487727e-01	1.150365813390153091e+00	1.034999104179982615e-01
-7.842413520537954152e-01	4.101004388883286444e-01	-1.610727396477979190e-01	1.150367558887645192e+00	1.035043351657425614e-01
-7.842056207504243259e-01	4.100823459331157661e-01	-1.610977533548638430e-01	1.150370537488705214e+00	1.035290290296124183e-01
-7.842038225566104748e-01	4.101473709935670731e-01	-1.610622752297762861e-01	1.150368242357740378e+00	1.035077154873250416e-01
-7.842780606107236929e-01	4.100976156565360187e-01	-1.610661673800011517e-01	1.150367520954485467e+00	1.035046062350227086e-01
-7.842378011145523242e-01	4.100883335571710031e-01	-1.610722767568921743e-01	1.150366564727139940e+00	1.035125496856486998e-01
-7.842505825664588537e-01	4.101207450911843466e-01	-1.610720011502606575e-01	1.150367271339572506e+00	1.035026127016660802e-01
-7.841764260621444382e-01	4.100647997703131820e-01	-1.610771861974798214e-01	1.150404915000536432e+00	1.034846209297896891e-01
-7.841464514334459679e-01	4.100937835378297702e-01	-1.610923933451022527e-01	1.150399877377916713e+00	1.035246909704584384e-01
-7.841255691543370654e-01	4.101228397085720512e-01	-1.610778154628141889e-01	1.150332335313971388e+00	1.035046657791899721e-01
-7.842589718651818975e-01	4.101303022620216288e-01	-1.610721207236029962e-01	1.150367371571926256e+00	1.035044063189294039e-01
-7.841670666213070851e-01	4.100979436249590493e-01	-1.610415456659662070e-01	1.150382977324508671e+00	1.034893359990007589e-01
-7.842385479281591687e-01	4.101136757825467605e-01	-1.610726587968584200e-01	1.150351802126862166e+00	1.035288753788513594e-01
-7.842057836425353479e-01	4.101026145775727993e-01	-1.610734068693140120e-01	1.150366333001307195e+00	1.035048179917989059e-01
-7.842934753650137036e-01	4.101023543452461118e-01	-1.610712093971617964e-01	1.150366973732923848e+00	1.035035777542596680e-01
-7.841536751018345353e-01	4.101140227317203180e-01	-1.610537118440425464e-01	1.150368211058559353e+00	1.035146210203600620e-01
-7.841641086431856422e-01	4.101419696627867650e-01	-1.610540290284992182e-01	1.150344701918253554e+00	1.035089824550348148e-01
-7.841837736498687983e-01	4.100446742108027620e-01	-1.610634236560120336e-01	1.150364770749288557e+00	1.035012291240888227e-01
-7.841167414413314773e-01	4.101218634410235264e-01	-1.610732026459408273e-01	1.150368921867183314e+00	1.035158455961167900e-01
-7.842258839568911899e-01	4.100585342874575878e-01	-1.610847277858447890e-01	1.150367541035689278e+00	1.035050701504643539e-01
-7.841921567454128716e-01	4.100491978231710632e-01	-1.610816503807186439e-01	1.150368324328244318e+00	1.035047688181745112e-01
-7.841451075929349868e-01	4.101079705190332492e-01	-1.610580177030810911e-01	1.150367135277997388e+00	1.035038029864415732e-01
-7.841495058969054632e-01	4.100772505786662858e-01	-1.610724864898601394e-01	1.150366209610224288e+00	1.035045163185225048e-01
-7.842719072437989158e-01	4.101049005846495454e-01	-1.610850471714996013e-01	1.150367343949515453e+00	1.035049353526291266e-01
-7.842067292235082032e-01	4.100869139399611063e-01	-1.610645713029389414e-01	1.150365586416515651e+00	1.035045446864492485e-01
-7.842049578218448502e-01	4.100800088380442410e-01	-1.610723574711039052e-01	1.150368536020305754e+00	1.035041827315021229e-01
-7.841976800338987807e-01	4.101139368977983479e-01	-1.610683083217633038e-01	1.150370085125656416e+00	1.035154503766677891e-01
-7.842199312722780702e-01	4.101254158591204346e-01	-1.610693514985150621e-01	1.150374079538924343e+00	1.035074842243674798e-01
-7.841188610140558124e-01	4.100981503082306023e-01	-1.610652551299802948e-01	1.150364292558469836e+00	1.035042530406165145e-01
-7.841887893685565158e-01	4.101200499554482626e-01	-1.611092479559205204e-01	1.150364999219511741e+00	1.034782083247083595e-01
-7.841964593694820129e-01	4.101077774421773570e-01	-1.611371608268176159e-01	1.150384102358625649e+00	1.035091273747098528e-01
-7.842314487589371330e-01	4.100977176038435590e-01	-1.610732057360373393e-01	1.150349171759911693e+00	1.035051519599652914e-01
-7.841813298895747852e-01	4.101065053358884382e-01	-1.611230602237838927e-01	1.150366223454057257e+00	1.035041225865136749e-01
-7.842291824282600077e-01	4.100932214206970405e-01	-1.610377808035089453e-01	1.150362108916455961e+00	1.035051704335378381e-01
-7.841608118888780954e-01	4.100710032298932606e-01	-1.610798108224086589e-01	1.150365552202629704e+00	1.035098679667746518e-01
-7.841552375999616409e-01	4.101179412349846842e-01	-1.610598286611864272e-01	1.150366858626264754e+00	1.035050362049289019e-01
-7.842638009754933082e-01	4.100977093104569149e-01	-1.610825837801511395e-01	1.150361643416699664e+00	1.035064325108480815e-01
-7.842935716962410320e-01	4.100999208646757266e-01	-1.610725166881968318e-01	1.150366855984486403e+00	1.035041243981786596e-01
-7.841900577234988123e-01	4.100881306578081920e-01	-1.610553881862602787e-01	1.150361288279289740e+00	1.035598507742416935e-01
-7.841327226576562115e-01	4.101043493521798755e-01	-1.610801817234745470e-01	1.150369888630333737e+00	1.035030363603770404e-01
-7.841654904424446570e-01	4.101161072734457735e-01	-1.610713696349930502e-01	1.150367945261965286e+00	1.035037680350611722e-01
-7.841716484344358751e-01	4.100709840653806171e-01	-1.610676765209710648e-01	1.150363501980899539e+00	1.035049023478624430e-01
-7.841966366565705782e-01	4.100858849695797059e-01	-1.610505697862880670e-01	1.150367205864818443e+00	1.035035354290613219e-01
-7.841994650391098665e-01	4.100329205320033532e-01	-1.610377506758072230e-01	1.150366604688701111e+00	1.035033551851227002e-01
-7.842227583105957356e-01	4.101091488545885455e-01	-1.610417421198994115e-01	1.150367923134152148e+00	1.035114173168837498e-01
-7.842907196927337843e-01	4.100963439194977300e-01	-1.610882285719507923e-01	1.150367909765408037e+00	1.035047673511307886e-01
-7.841794278704214971e-01	4.100954877058354264e-01	-1.610813854578926063e-01	1.150429571873049284e+00	1.035105718962085614e-01
-7.841767057876418701e-01	4.101667486995901890e-01	-1.610703510654058479e-01	1.150384012605150774e+00	1.035078912839073745e-01
-7.842556189189747728e-01	4.101034214900147745e-01	-1.610625189044477545e-01	1.150369596823973106e+00	1.034893964724277193e-01
-7.841943335018319861e-01	4.101546327923816793e-01	-1.611025145249503354e-01	1.150375615298382392e+00	1.035075319005425987e-01
-7.842047700977314850e-01	4.101455061530890345e-01	-1.610721381812943720e-01	1.150369463215913379e+00	1.035044755401123145e-01
-7.842064832982250655e-01	4.100970413863536113e-01	-1.610677207164790126e-01	1.150367377881944542e+00	1.035050252833766837e-01
-7.842049430845371427e-01	4.101184056743265027e-01	-1.610227134158094819e-01	1.150367207531481695e+00	1.034977537497595995e-01
-7.842265957862372128e-01	4.101077001779699360e-01	-1.610715240259214254e-01	1.150379247051927178e+00	1.035058715409111069e-01
-7.841444558046994917e-01	4.101270894112701848e-01	-1.610735637393248265e-01	1.150361914162557397e+00	1.035083264901367206e-01
-7.842271854831681654e-01	4.100976110352855253e-01	-1.610723996363462307e-01	1.150367445887712670e+00	1.035046406107648365e-01
-7.842957379333600487e-01	4.100984824358885339e-01	-1.610723515580413379e-01	1.150366390037452113e+00	1.035056409170230368e-01
-7.841577003201365414e-01	4.100943408722531602e-01	-1.610628971576736901e-01	1.150371162253753354e+00	1.034991665825458484e-01
-7.842453009750205428e-01	4.101067316262926310e-01	-1.610647338876537993e-01	1.150359288385946810e+00	1.035068923122570567e-01
-7.842146356987456102e-01	4.100886103557996321e-01	-1.610998600128157598e-01	1.150366910094039907e+00	1.034933726988890301e-01
-7.841665167997076136e-01	4.100988369475804252e-01	-1.610401527572322689e-01	1.150390236447984549e+00	1.034440513689281610e-01
-7.842214538769958221e-01	4.100974050156119821e-01	-1.610342671151680505e-01	1.150365782742270859e+00	1.035039616120462247e-01
-7.841782640561867357e-01	4.100999742792783009e-01	-1.610729525644728488e-01	1.150367440022241450e+00	1.034983138009326203e-01
-7.842135041446661736e-01	4.100981280306364996e-01	-1.610306813355798783e-01	1.150353275952941123e+00	1.034991750089038348e-01
-7.842012324799829681e-01	4.101451097315266248e-01	-1.610749850448649767e-01	1.150361228925041113e+00	1.034789313353072504e-01
-7.842147137492538889e-01	4.100942911312305261e-01	-1.610809266779456017e-01	1.150367070340658993e+00	1.035063815501692935e-01
-7.841491975954313354e-01	4.100477481101724164e-01	-1.610686330987276538e-01	1.150382203164724393e+00	1.035291172269355714e-01
-7.841719913805337283e-01	4.100803838186675709e-01	-1.610650397300641967e-01	1.150375608224025958e+00	1.035048384665273880e-01
-7.842151497901176382e-01	4.101829785446169385e-01	-1.610803663228936589e-01	1.150366474424613816e+00	1.035062860354342418e-01
-7.841536753134114024e-01	4.101002210770876011e-01	-1.610732397260603854e-01	1.150367578516677813e+00	1.035045728094882295e-01
-7.841991518397929406e-01	4.101536324527654265e-01	-1.610506851208061141e-01	1.150369279456567861e+00	1.035021439887289091e-01
-7.841842796650358993e-01	4.100902388621451289e-01	-1.610725224439955861e-01	1.150368169787123973e+00	1.035044085903638611e-01
-7.842097855131762163e-01	4.101722904145839177e-01	-1.610720500199262772e-01	1.150369012863104556e+00	1.035242288732276805e-01
-7.842237857225895503e-01	4.101157247509805148e-01	-1.610627547345985511e-01	1.150368524522878522e+00	1.035025249187672275e-01
-7.842262226252337820e-01	4.100924273952936683e-01	-1.610839369734488324e-01	1.150371548259868648e+00	1.035118878269808418e-01
-7.841939607004567714e-01	4.100757871875744254e-01	-1.610689277393070884e-01	1.150367146628708870e+00	1.035126166338836695e-01
-7.841909642438940065e-01	4.100968791722810480e-01	-1.610702720491786477e-01	1.150375413967097415e+00	1.035069788201625068e-01
-7.841982695097494682e-01	4.100473696045727756e-01	-1.610553893444630069e-01	1.150370452820412170e+00	1.034937713589352271e-01
-7.841302055087344680e-01	4.100924506530446156e-01	-1.610745627756652310e-01	1.150361194995339398e+00	1.035031277975439895e-01
-7.842158717978775506e-01	4.101103603190049407e-01	-1.610761149038195394e-01	1.150367521022468198e+00	1.035048743155089351e-01
-7.841886660119742336e-01	4.100548945490607999e-01	-1.610684040788300797e-01	1.150386892939710304e+00	1.035004075581060085e-01
-7.842111982118541436e-01	4.101011472715435646e-01	-1.611443452805159660e-01	1.150361814970858765e+00	1.035047823286041196e-01
-7.841832287271433000e-01	4.101122614270497069e-01	-1.610698510752787693e-01	1.150327106994642357e+00	1.035192843324126560e-01
-7.841921571239438560e-01	4.101708742407669250e-01	-1.610847789271956099e-01	1.150347588979804936e+00	1.035230752625243278e-01
-7.841601721088179433e-01	4.100973053082891950e-01	-1.611037709910637383e-01	1.150364679212804608e+00	1.035102817847448342e-01
-7.841967884858301874e-01	4.101242043416233884e-01	-1.610707549915207648e-01	1.150427957667172763e+00	1.034722637119032118e-01
-7.842462072405947948e-01	4.100393125756421897e-01	-1.610731420935028468e-01	1.150369717733880526e+00	1.034948096848883198e-01
-7.841787238191054721e-01	4.100807864794310253e-01	-1.611040473190597788e-01	1.150363947577515811e+00	1.034707299025611760e-01
-7.842022940683969212e-01	4.100965520529789021e-01	-1.610719793827031232e-01	1.150359997530922218e+00	1.035396754917316531e-01
-7.841869866222291874e-01	4.100680469995878763e-01	-1.610686003357089668e-01	1.150355637754638005e+00	1.035066453953798760e-01
-7.841788511584381061e-01	4.101854676451017201e-01	-1.610553842555389747e-01	1.150370615735309965e+00	1.035070061404697178e-01
-7.841600254963071448e-01	4.100557627908474889e-01	-1.611022735934184713e-01	1.150371524955056790e+00	1.035143011997992496e-01
-7.842327151483325931e-01	4.100646300112078535e-01	-1.610609835125598466e-01	1.150376416129915924e+00	1.034931871618739452e-01
-7.841920995154699758e-01	4.100936261469381727e-01	-1.610722799257537086e-01	1.150373566183012120e+00	1.035082028133150339e-01
-7.841795611652758735e-01	4.101795611705320588e-01	-1.610798936068472687e-01	1.150367617159665068e+00	1.035287817811200578e-01
-7.841466884565249096e-01	4.101380481512566512e-01	-1.610741341987274311e-01	1.150360873155476638e+00	1.035044546563459178e-01
-7.841902401041394022e-01	4.101024414208621627e-01	-1.610742513301740009e-01	1.150367109869833593e+00	1.035082571071914564e-01
-7.842077152589405076e-01	4.100982910208871290e-01	-1.610724168890069474e-01	1.150367535799529550e+00	1.035046537793666011e-01
-7.842488666035448697e-01	4.101090161899691444e-01	-1.610733034387139273e-01	1.150366963502463813e+00	1.034865774770339503e-01
-7.842850676677201038e-01	4.100711639872051117e-01	-1.610851460579692251e-01	1.150388950703106872e+00	1.035056334329998440e-01
-7.842128527795773074e-01	4.101186671041500142e-01	-1.610647691650526347e-01	1.150365901777901323e+00	1.035002952650758978e-01
-7.842919325176470613e-01	4.101031228647870064e-01	-1.610726027719534270e-01	1.150367991053931727e+00	1.035045563622757070e-01
-7.841831647254261517e-01	4.101044069685609861e-01	-1.611511388542825607e-01	1.150367437033297247e+00	1.035046495413343426e-01
-7.841913514172889066e-01	4.101192357411461709e-01	-1.610733146892354695e-01	1.150372592654086867e+00	1.034903541245912467e-01
-7.841782167455131347e-01	4.100754329612267823e-01	-1.611000058333245943e-01	1.150366205741624404e+00	1.035043496402401481e-01
-7.841876594081698126e-01	4.100924895859915376e-01	-1.610831427373513591e-01	1.150372095489985869e+00	1.035160773245970278e-01
-7.841531765429640144e-01	4.100831831678211636e-01	-1.610696491159359367e-01	1.150368007729804187e+00	1.035032660726658976e-01
-7.842080303455460921e-01	4.100880849019965524e-01	-1.610812528113041986e-01	1.150376187499407843e+00	1.035044615485334746e-01
-7.842386728982991828e-01	4.100997490285306912e-01	-1.610706445740956450e-01	1.150366678089842276e+00	1.035068571260746029e-01
-7.841938745202924332e-01	4.101766246958863382e-01	-1.610288094477933252e-01	1.150371606948706660e+00	1.034977486029147603e-01
-7.842541216662620718e-01	4.101076572910148932e-01	-1.610722044912353268e-01	1.150404341211076487e+00	1.035120027149574740e-01
-7.842943392714575301e-01	4.100974936094649581e-01	-1.610786496245860122e-01	1.150365424403368309e+00	1.035095439561199010e-01
-7.842141904462796020e-01	4.100772964804573206e-01	-1.610969891777769836e-01	1.150412029360697863e+00	1.035023557653738241e-01
-7.841461899242411215e-01	4.100881165187374444e-01	-1.610757633529235344e-01	1.150394466717357123e+00	1.035151431618279855e-01
-7.842644483641698638e-01	4.100969901579542554e-01	-1.610592127117828065e-01	1.150365459793852185e+00	1.035043423650247318e-01
-7.841353844379315152e-01	4.100966208648897382e-01	-1.610749445995117157e-01	1.150367491069457238e+00	1.035056983176908668e-01
-7.842169841067938574e-01	4.100674776176738701e-01	-1.610622448842082832e-01	1.150332076047217988e+00	1.035052612347567985e-01
-7.841976681270599325e-01	4.100864263610626836e-01	-1.610475569376174643e-01	1.150367963587449083e+00	1.035042493123215501e-01
-7.842052602044219389e-01	4.100877353428939442e-01	-1.611154018358234019e-01	1.150369752732043560e+00	1.035161356485212736e-01
-7.842773774881476312e-01	4.100843326733898953e-01	-1.610697371974476877e-01	1.150349431277828627e+00	1.034943791273987418e-01
-7.842622078861470891e-01	4.100976610541511858e-01	-1.610656271196961586e-01	1.150370740034895478e+00	1.034629329339889353e-01
-7.841696499233579143e-01	4.100634635333082478e-01	-1.610742186410034915e-01	1.150357424873217127e+00	1.035215423913941890e-01
-7.841076609317898516e-01	4.101014789685373252e-01	-1.610650740414201199e-01	1.150361497672680811e+00	1.035203842141773217e-01
-7.841311519836337007e-01	4.100981605416721409e-01	-1.610723962549844290e-01	1.150367446593768106e+00	1.035058543554304711e-01
-7.841592304921212175e-01	4.100941406250193655e-01	-1.610740983768627621e-01	1.150366571454632281e+00	1.035051800442023801e-01
-7.841765730381009547e-01	4.100784053628868109e-01	-1.610438484974080486e-01	1.150371725716838878e+00	1.035206816813203229e-01
-7.841902549462763661e-01	4.101624534970498837e-01	-1.610740120065821401e-01	1.150368189036462097e+00	1.035048105392939177e-01
-7.842267109785799883e-01	4.100873304585447299e-01	-1.610730423839388525e-01	1.150367280908801915e+00	1.035116626305808002e-01
-7.841986090777084417e-01	4.101170522929153406e-01	-1.610931204831197172e-01	1.150367278852184372e+00	1.035069356304124111e-01
-7.842500015010912540e-01	4.101185558038594747e-01	-1.610774397441848693e-01	1.150366369690003721e+00	1.035049379289195298e-01
-7.841554076180998756e-01	4.100982354970894028e-01	-1.611401155159687126e-01	1.150364393433901178e+00	1.035135878094889383e-01
-7.841669546227848508e-01	4.101279466985847666e-01	-1.610565533374070379e-01	1.150340084607909041e+00	1.034966442262732489e-01
-7.842078742242953870e-01	4.100900296660222599e-01	-1.610726515075826815e-01	1.150366854107240266e+00	1.035030702536431646e-01
-7.842391659248405533e-01	4.100951741878915979e-01	-1.610727004612393654e-01	1.150372839997946484e+00	1.035029236042697004e-01
-7.841893874884763305e-01	4.100678273584019706e-01	-1.610956750339828936e-01	1.150356396242466328e+00	1.035259695133100011e-01
-7.841955333553261021e-01	4.100865043336619498e-01	-1.610704252899638200e-01	1.150388531703358419e+00	1.034801104477481859e-01
-7.842000465657108510e-01	4.100757731048462196e-01	-1.610780898796383420e-01	1.150370339212189119e+00	1.035056259478174673e-01
-7.842258605234667668e-01	4.100760354611757141e-01	-1.610774440918601447e-01	1.150367897414031670e+00	1.035046122599245499e-01
-7.842135118007144134e-01	4.100922212019050273e-01	-1.610874371654354154e-01	1.150408185026101204e+00	1.035163613875032113e-01
-7.841835143511908246e-01	4.100966754478443943e-01	-1.610643473277780235e-01	1.150370084323095954e+00	1.035049263365732802e-01
-7.841996342319208502e-01	4.101135322968109675e-01	-1.610808012695971736e-01	1.150376959510484021e+00	1.035093766382310099e-01
-7.842118944746993003e-01	4.100826135334056377e-01	-1.610612760144601308e-01	1.150354505213908141e+00	1.035316317222682025e-01
-7.842927674157501583e-01	4.100858766424255175e-01	-1.610736098118902282e-01	1.150371076165805917e+00	1.035034152906705723e-01
-7.842088723632499869e-01	4.100914920574061373e-01	-1.610489255214630211e-01	1.150368302037969581e+00	1.034949085732571605e-01
-7.841199390984217032e-01	4.100970805654166607e-01	-1.610683926811085631e-01	1.150365250250974247e+00	1.035039991247417857e-01
-7.841370141399106597e-01	4.100741554088059293e-01	-1.610130772896676832e-01	1.150361089093163258e+00	1.035025764582476610e-01
-7.841717413991329266e-01	4.101088725119923506e-01	-1.610555591657193142e-01	1.150358797316656467e+00	1.035091982682746908e-01
-7.841871205659304289e-01	4.100528597417913423e-01	-1.610559504535493125e-01	1.150370630971234265e+00	1.035011335494831486e-01
-7.841954875518168944e-01	4.100664447010480274e-01	-1.610769267871383914e-01	1.150367895894403469e+00	1.034953291306599937e-01
-7.841545175583995997e-01	4.100321482880288082e-01	-1.610729135819789493e-01	1.150356119726357873e+00	1.034968049814941199e-01
-7.841738499984405308e-01	4.100955198049984762e-01	-1.611150381535651210e-01	1.150366476836641949e+00	1.034953946381470952e-01
-7.842091358057449169e-01	4.101062930844273091e-01	-1.610460097761912679e-01	1.150359337110482993e+00	1.035314607665774184e-01
-7.842268686876575634e-01	4.100194919687789041e-01	-1.610683569135748783e-01	1.150369245568633847e+00	1.035113036868658826e-01
-7.842017382010457727e-01	4.101492028528670453e-01	-1.610711938690517209e-01	1.150350704383966693e+00	1.034785727467206207e-01
-7.842441073631779558e-01	4.100813784845186993e-01	-1.611166643748725424e-01	1.150365360059332209e+00	1.034989621859002118e-01
-7.842476573335436241e-01	4.101515707424887025e-01	-1.610726081963948231e-01	1.150369070931940518e+00	1.035099670934387789e-01
-7.841862011006545119e-01	4.101109127775913743e-01	-1.610634890199677816e-01	1.150376920004093861e+00	1.034720535210410935e-01
-7.842129089876502812e-01	4.100371181528851827e-01	-1.610941664414623220e-01	1.150369876984958406e+00	1.035493084633775929e-01
-7.842455002261768948e-01	4.100880399442713431e-01	-1.610649082996158943e-01	1.150368493076272314e+00	1.035057771967784618e-01
-7.842513560118140603e-01	4.101043088994459906e-01	-1.610726889014676977e-01	1.150355707674937999e+00	1.035056257443342509e-01
-7.841738979611928562e-01	4.101028968277789510e-01	-1.610318306473091099e-01	1.150367167533486334e+00	1.035046944013011255e-01
-7.841511170852983881e-01	4.101120074482751954e-01	-1.610705998014570206e-01	1.150377010225569485e+00	1.035055320821004626e-01
-7.842232284643992912e-01	4.100975993981940126e-01	-1.610724064236587760e-01	1.150367424253909032e+00	1.035045780545669758e-01
-7.841928533830007098e-01	4.101750470058955766e-01	-1.610734378847013537e-01	1.150409719355883320e+00	1.035054876911116334e-01
-7.842299741540510460e-01	4.100691577141932775e-01	-1.610765650477702093e-01	1.150368365309560215e+00	1.034902478881110643e-01
-7.842049252259759573e-01	4.101018661467994431e-01	-1.610730974615036948e-01	1.150368170299908677e+00	1.035040833774053121e-01
-7.841154963129473021e-01	4.100770424321050767e-01	-1.610881204213225060e-01	1.150391699587944183e+00	1.035176266962880010e-01
-7.842112152091585964e-01	4.100973950379584454e-01	-1.610725988412291532e-01	1.150367913605940151e+00	1.035047472191051171e-01
-7.841666320128440892e-01	4.101040544380248343e-01	-1.610803679501803809e-01	1.150329177215526633e+00	1.035104239852522173e-01
-7.841346189253716181e-01	4.100714014407487173e-01	-1.610757692849541234e-01	1.150358597815636985e+00	1.035143650584532116e-01
-7.842038498505080613e-01	4.101053579028070550e-01	-1.610767964837109267e-01	1.150382067733866975e+00	1.035059483156353932e-01
-7.841418417037011590e-01	4.100768965596869875e-01	-1.610768415102466766e-01	1.150365611186828119e+00	1.035099430338087406e-01
-7.841552966279978776e-01	4.100727445707295638e-01	-1.610649166049921421e-01	1.150366382067665727e+00	1.035037930237926868e-01
-7.841972631718320264e-01	4.100940914112103375e-01	-1.610816074662266839e-01	1.150374624045978678e+00	1.035094871731803423e-01
-7.841819319974331348e-01	4.100462851702015854e-01	-1.611044137803783194e-01	1.150360893116832317e+00	1.035132529952866864e-01
-7.842386358148790704e-01	4.100981720022144894e-01	-1.610473937994359173e-01	1.150368189483026660e+00	1.035046367922868443e-01
-7.841934622214437045e-01	4.100923594975675601e-01	-1.610569554063426001e-01	1.150368030044153445e+00	1.035044032736346376e-01
-7.841110527387279427e-01	4.100941089303896114e-01	-1.610780440205753783e-01	1.150367926431763888e+00	1.035040518448315516e-01
-7.841991773460750270e-01	4.100613547185403274e-01	-1.610808021633909348e-01	1.150366441676445639e+00	1.035197517147302682e-01
-7.841984719491048583e-01	4.100938633255516441e-01	-1.610906162851182266e-01	1.150363414671940587e+00	1.035119350550309375e-01
-7.841937636582457793e-01	4.101402885793038466e-01	-1.610728415720124040e-01	1.150352842398621345e+00	1.034881020459179901e-01
-7.842032541613572771e-01	4.100433549198413963e-01	-1.610972037993590456e-01	1.150407642894982319e+00	1.035081336168652277e-01
-7.841939432320192971e-01	4.101598196773590943e-01	-1.610980130867203097e-01	1.150353832578857816e+00	1.035108466604817701e-01
-7.842377637753565889e-01	4.100946125543493137e-01	-1.610729277046102081e-01	1.150366271864708523e+00	1.035042275104546550e-01
-7.842850954652522688e-01	4.100838879280698235e-01	-1.610552933487766070e-01	1.150369014112489596e+00	1.035062930304893464e-01
-7.841952468807253940e-01	4.101079632347425230e-01	-1.610719917633823550e-01	1.150365625127496294e+00	1.035229803136540061e-01
-7.841908680805177445e-01	4.100981847959983551e-01	-1.611157442688351260e-01	1.150323793338720479e+00	1.035052532506833267e-01
-7.841368836717004243e-01	4.100971383450180974e-01	-1.610917288241253964e-01	1.150367587603924990e+00	1.035014119461478838e-01
-7.841154495779616429e-01	4.101104832797840549e-01	-1.610659234094383718e-01	1.150367846661678461e+00	1.035079906738181760e-01
-7.841343334986065061e-01	4.101262629281376970e-01	-1.610709624450689936e-01	1.150358926523178393e+00	1.035025701299008005e-01
-7.842206162060140207e-01	4.101137880371981126e-01	-1.610699352364740600e-01	1.150389209305733074e+00	1.034492626255291842e-01
-7.842373191316103220e-01	4.100997375558770863e-01	-1.610890695093792624e-01	1.150363450645861541e+00	1.035047451775358562e-01
-7.841354562753972690e-01	4.100841467775658833e-01	-1.610768067457476749e-01	1.150371983242426399e+00	1.035047121382029756e-01
-7.841582050183312225e-01	4.100973974045705184e-01	-1.610722222382302837e-01	1.150367512735693598e+00	1.035046375870842805e-01
-7.842856791256462845e-01	4.100798570475182037e-01	-1.610714195913754421e-01	1.150366337904167979e+00	1.035032037104777619e-01
-7.842336599991323043e-01	4.100776750599767762e-01	-1.610782159459042129e-01	1.150366752873589249e+00	1.034931510874873145e-01
-7.842133684891945400e-01	4.100735184018728385e-01	-1.610701381334602444e-01	1.150366703244396271e+00	1.034784928748803956e-01
-7.842018244669871629e-01	4.100793198501240244e-01	-1.610329925181973876e-01	1.150359430626513246e+00	1.034977897729639773e-01
-7.842113787087983123e-01	4.100366487702920004e-01	-1.610696372356623107e-01	1.150373169022841813e+00	1.034974087330979980e-01
-7.841701354290763204e-01	4.100800881970092515e-01	-1.610723808900882403e-01	1.150368426937495636e+00	1.035047321655410413e-01
-7.841737181386918554e-01	4.101293680883759674e-01	-1.610853579547393277e-01	1.150367141896196044e+00	1.035194722224812292e-01
-7.842539993266355314e-01	4.100968555256230275e-01	-1.610717602729806464e-01	1.150367812487432140e+00	1.035043083090577964e-01
-7.841970316462888446e-01	4.100713764007101747e-01	-1.610404967794068498e-01	1.150408232979807321e+00	1.035042818164745165e-01
-7.841999484415761446e-01	4.100608326858826147e-01	-1.610674641078609637e-01	1.150374716615982784e+00	1.035033801675003251e-01
-7.842099701224483077e-01	4.100682826362507249e-01	-1.610749691813989359e-01	1.150357312559200373e+00	1.034843457315922782e-01
-7.842166436604705027e-01	4.100518342809595929e-01	-1.610686462541051078e-01	1.150416294609037271e+00	1.035069591097400182e-01
-7.842274493419981729e-01	4.100665238571946092e-01	-1.610628159614687083e-01	1.150365892598731676e+00	1.035066702578585768e-01
-7.842104317163909322e-01	4.100722121350738880e-01	-1.610774868078752586e-01	1.150332443879433564e+00	1.035051081197521927e-01
-7.841529048793064449e-01	4.101388993841020847e-01	-1.610273483625697111e-01	1.150362701780445418e+00	1.035095307303184747e-01
-7.842504646376274868e-01	4.100969777175476061e-01	-1.610600180900658152e-01	1.150369458800460265e+00	1.035061325324849180e-01
-7.842109423691077108e-01	4.101331450422767144e-01	-1.610722438292156722e-01	1.150377237525026297e+00	1.034978170112352130e-01
