-2.536804646188078327e-01	-1.888557115490274163e-01	2.708455427326709741e-01	7.708154424119119108e-01	-5.720712320003089602e-01
-2.537248041485265504e-01	-1.888184463772123178e-01	2.708855354349285482e-01	7.708154275966301316e-01	-5.720733568603126873e-01
-2.538091785416506929e-01	-1.888572682585466511e-01	2.708488663723103151e-01	7.707841435889940529e-01	-5.720710708182962234e-01
-2.537007676771432796e-01	-1.888117433448031346e-01	2.708444612412930219e-01	7.708159313375622101e-01	-5.720853888764999562e-01
-2.537272854922361653e-01	-1.888298053941045440e-01	2.708418959499802603e-01	7.708165713335203284e-01	-5.720732587334466102e-01
-2.538168703121712610e-01	-1.888533058087969452e-01	2.708455445828755748e-01	7.708135532641355869e-01	-5.720678290238976338e-01
-2.538116677543370003e-01	-1.888288986144066595e-01	2.708671284561519621e-01	7.708162253695589605e-01	-5.720713107151440546e-01
-2.538168079411816103e-01	-1.888559303077934071e-01	2.708529818540870160e-01	7.708148501347336090e-01	-5.720659809762254078e-01
-2.536974823701828585e-01	-1.888412308899275471e-01	2.708463554191724576e-01	7.708149612247466864e-01	-5.720712566384090758e-01
-2.536832169154431549e-01	-1.888407264378310912e-01	2.708426842990491190e-01	7.708167414873303702e-01	-5.720709513956181436e-01
-2.537791277465257234e-01	-1.888477963635870616e-01	2.708696062287528350e-01	7.708127235961951262e-01	-5.720712338163571609e-01
-2.538052773963430098e-01	-1.888916798426867327e-01	2.708469465610314209e-01	7.708319347929375454e-01	-5.720696324028484714e-01
-2.538448860143205366e-01	-1.888469335391180781e-01	2.708453867055365394e-01	7.708142799216578522e-01	-5.720700946238833628e-01
-2.538063747632225975e-01	-1.888470817264197299e-01	2.708459144794441720e-01	7.708144040643138961e-01	-5.720716177245284140e-01
-2.538244367032960191e-01	-1.888498315910598913e-01	2.708454581370067782e-01	7.708116956792824270e-01	-5.720776328054317794e-01
-2.537923414235417341e-01	-1.888402992646849299e-01	2.708434000713620948e-01	7.708059367327469991e-01	-5.720857115142268245e-01
-2.537530619166758483e-01	-1.888327791022177404e-01	2.708072462606191944e-01	7.707713193100934612e-01	-5.720709692487292441e-01
-2.537464197536595800e-01	-1.888354216185417489e-01	2.708891405336202873e-01	7.708242280096923027e-01	-5.720799238881701942e-01
-2.537907263954738979e-01	-1.888346076157734477e-01	2.708492887246724545e-01	7.708150452677963171e-01	-5.720711994830265379e-01
-2.537316475452104370e-01	-1.887687078720661216e-01	2.708419938769422997e-01	7.708155651543044939e-01	-5.720713574636060450e-01
-2.537301477480763401e-01	-1.888731952826163962e-01	2.708488506245302907e-01	7.708170271187114730e-01	-5.720494142876899613e-01
-2.536705845549564464e-01	-1.888437434798950765e-01	2.708463747223024409e-01	7.708153216141466757e-01	-5.720712197278574607e-01
-2.537079208027334110e-01	-1.888351876229463489e-01	2.708606439515470199e-01	7.708157553675727414e-01	-5.720712685875163350e-01
-2.538004322267365387e-01	-1.888726278473517317e-01	2.708990408874676348e-01	7.708192828930198193e-01	-5.720617831725740565e-01
-2.537377294634456382e-01	-1.888720693246977722e-01	2.708535068489316133e-01	7.708068955078332118e-01	-5.720628127392118900e-01
-2.536971501709973098e-01	-1.888665535586955546e-01	2.708537987894964472e-01	7.708154077830969841e-01	-5.720707952214995062e-01
-2.537434358396544187e-01	-1.888700104826825099e-01	2.708464334446837873e-01	7.708129875707497858e-01	-5.720823547260903696e-01
-2.537655792038692182e-01	-1.888309391971231821e-01	2.708239900137612288e-01	7.707909309097331629e-01	-5.720908854218503814e-01
-2.538250193010154754e-01	-1.888614971210073046e-01	2.708568487066690400e-01	7.708140929685664000e-01	-5.720634689205980061e-01
-2.537684461592479845e-01	-1.889211180771575571e-01	2.708517232223371929e-01	7.708198252375905168e-01	-5.720732219642143956e-01
-2.538234504433252714e-01	-1.888745995977826886e-01	2.708601653140101373e-01	7.708217484387471785e-01	-5.720763503448514919e-01
-2.538110825648947078e-01	-1.888129832163684685e-01	2.708514502541040092e-01	7.708122018623303484e-01	-5.720809037962787391e-01
-2.537539411547450330e-01	-1.888561994969655267e-01	2.707996395629952979e-01	7.708190929626730359e-01	-5.720968957551202383e-01
-2.537791841667571546e-01	-1.888477031624547775e-01	2.708245642845850676e-01	7.708163940742771558e-01	-5.720690858625728792e-01
-2.537852849687628476e-01	-1.888319094461740622e-01	2.708274564051117439e-01	7.707899954028096801e-01	-5.720737997972458189e-01
-2.537913336631565930e-01	-1.888321158562590585e-01	2.708465173569005180e-01	7.708178245096620751e-01	-5.720648691062728552e-01
-2.537872486962910457e-01	-1.888356079238177887e-01	2.708515076876606420e-01	7.708155877775606513e-01	-5.720702446259677831e-01
-2.537390827334745080e-01	-1.888374981517196571e-01	2.708266503630369360e-01	7.708265805066452092e-01	-5.720702310804344215e-01
-2.537473665766703523e-01	-1.888273535822514171e-01	2.708676577127263063e-01	7.708261931123290278e-01	-5.720681764458810381e-01
-2.537172059777562660e-01	-1.888599494494845876e-01	2.708426075905748798e-01	7.708113486029846140e-01	-5.720616207161642874e-01
-2.537284679476763949e-01	-1.888751394378996584e-01	2.708320675140898359e-01	7.707814704101192405e-01	-5.720759347080066615e-01
-2.537138927513933329e-01	-1.887877489023702948e-01	2.708416963593778815e-01	7.708127162456497317e-01	-5.720686620532806632e-01
-2.537559962678092029e-01	-1.888137764537041186e-01	2.708396534686986490e-01	7.708547955387548001e-01	-5.720802115687990685e-01
-2.537164031607117565e-01	-1.888367808692770766e-01	2.708510036318938496e-01	7.708206279537823669e-01	-5.720489108390393040e-01
-2.537552351636938597e-01	-1.888120507279614224e-01	2.708213053445924223e-01	7.707626790889642310e-01	-5.720932657219590656e-01
-2.537776992568768764e-01	-1.888379125864559638e-01	2.708435574446248495e-01	7.708168136643733792e-01	-5.720667452792678187e-01
-2.536762903547170600e-01	-1.888398612421692269e-01	2.708465829992236507e-01	7.708127432599634066e-01	-5.720802711159082010e-01
-2.537162316569714360e-01	-1.888642071494969488e-01	2.708515189159951264e-01	7.708147147959132361e-01	-5.720711635987260069e-01
-2.538202739152857212e-01	-1.888374767962480438e-01	2.708473483191081721e-01	7.708253481454779843e-01	-5.720640335658728759e-01
-2.537677127533813359e-01	-1.888283572791886744e-01	2.708985018880757378e-01	7.708199181700129410e-01	-5.720786531508352812e-01
-2.537014910999140227e-01	-1.888400331965352785e-01	2.708198492985812167e-01	7.708166985995630327e-01	-5.720647637468785351e-01
-2.537197592635124788e-01	-1.888383020849201677e-01	2.707866867342418327e-01	7.708274265958472427e-01	-5.720540528205517727e-01
-2.537220596464379585e-01	-1.888217363751953648e-01	2.708476249984562712e-01	7.708125650196748779e-01	-5.720701596517291376e-01
-2.537509481963699520e-01	-1.888134191149209440e-01	2.708378857668205519e-01	7.707938183291390688e-01	-5.720767455590293205e-01
-2.536566101610064905e-01	-1.888391255578292238e-01	2.708314949482590328e-01	7.708156816249407406e-01	-5.720712650740746863e-01
-2.537579767214664939e-01	-1.888461518731406885e-01	2.708875125511030491e-01	7.707727339781963449e-01	-5.720601999030807683e-01
-2.538057087860480232e-01	-1.889105135970275962e-01	2.708468078855533756e-01	7.708155261689474402e-01	-5.720736863357213098e-01
-2.537502921074869522e-01	-1.888436065987844359e-01	2.708456219942864118e-01	7.708143419281253683e-01	-5.720643069180831874e-01
-2.537455627049242657e-01	-1.888629604618692615e-01	2.707752928383426183e-01	7.708153636646537521e-01	-5.720493838650332341e-01
-2.537151166066666241e-01	-1.888263066484182073e-01	2.708413924827112185e-01	7.708149871163746392e-01	-5.720818549865656077e-01
-2.537214759903830275e-01	-1.888456818521637437e-01	2.708138730536383543e-01	7.707980637796492118e-01	-5.720501625249716504e-01
-2.537854563301406574e-01	-1.888371467800516179e-01	2.708651258081548052e-01	7.707679975023795649e-01	-5.720681514219013719e-01
-2.537197072070440651e-01	-1.887873328615709556e-01	2.708261703560944644e-01	7.708147127918693053e-01	-5.720750484330020535e-01
-2.538059065698233252e-01	-1.888436038833261332e-01	2.708452515678610451e-01	7.708198841458084871e-01	-5.720718627913701226e-01
-2.537827316501396480e-01	-1.887816597014156383e-01	2.708540167457498260e-01	7.708115976145217818e-01	-5.720646635852143502e-01
-2.537086143274641103e-01	-1.888082970388404169e-01	2.708430065688209876e-01	7.708000416043198078e-01	-5.720585596193944466e-01
-2.537481907781969914e-01	-1.888979972111252681e-01	2.708349564635387230e-01	7.708099923617320881e-01	-5.720597721518106971e-01
-2.538024267520326838e-01	-1.888300798824090465e-01	2.709027107361436926e-01	7.708084298686058711e-01	-5.720706744716015368e-01
-2.538119372057257572e-01	-1.887711839447418771e-01	2.708474057231869403e-01	7.708147406197048968e-01	-5.720706681068691291e-01
-2.536688523831272524e-01	-1.888247022588604440e-01	2.708462479643239940e-01	7.708101580400043007e-01	-5.720748676431541835e-01
-2.537784821095649401e-01	-1.888694887265076894e-01	2.708221179171689807e-01	7.708053779054556687e-01	-5.720838484367776200e-01
-2.537100985736212566e-01	-1.888957451066283766e-01	2.708451973953574510e-01	7.708104595497340394e-01	-5.720743188132733081e-01
-2.536830546805997622e-01	-1.888375651712624337e-01	2.708546464449020919e-01	7.708199391231899122e-01	-5.721121909267781191e-01
-2.537587066534285341e-01	-1.888643512792305412e-01	2.708242201939626281e-01	7.708123518012462982e-01	-5.720704855323507365e-01
-2.538205738305967518e-01	-1.888361864951766389e-01	2.708464481364221688e-01	7.708164607348699793e-01	-5.720714301461358176e-01
-2.537664506281437915e-01	-1.887918901054647103e-01	2.708541484367334440e-01	7.708099906058212269e-01	-5.720731599676617263e-01
-2.536571683551515077e-01	-1.888487062768793301e-01	2.708499551867010191e-01	7.708157380949071102e-01	-5.720711970603973295e-01
-2.537336604812013841e-01	-1.888495013875576278e-01	2.708594727367161781e-01	7.708151640387396197e-01	-5.720711671501291784e-01
-2.537443693388270471e-01	-1.888108154363961344e-01	2.708658581730131187e-01	7.708226497485710649e-01	-5.720703994380978985e-01
-2.537478732449934826e-01	-1.888978165610264714e-01	2.708533725470186337e-01	7.707993082688688880e-01	-5.720638991682303054e-01
-2.537695289644569807e-01	-1.888208261101959051e-01	2.708408360343962928e-01	7.708172026642414743e-01	-5.720699522146455163e-01
-2.537671861766142567e-01	-1.888440039725715613e-01	2.708525490649385525e-01	7.708075893202763762e-01	-5.720670427132266145e-01
-2.536849934988043009e-01	-1.888405525436110677e-01	2.708478526652590146e-01	7.708175486948792843e-01	-5.720710749675470552e-01
-2.537008476972698046e-01	-1.888294367921082850e-01	2.708512437414963836e-01	7.708149740699329344e-01	-5.720713641659549431e-01
-2.537399181348335420e-01	-1.888297642543861066e-01	2.709006072011581612e-01	7.708422415250996140e-01	-5.720831636426146893e-01
-2.537455713023983317e-01	-1.888507285941115332e-01	2.708583774492893670e-01	7.708136418218044517e-01	-5.720700597829483369e-01
-2.537781904496835272e-01	-1.888283790990849531e-01	2.708203703538313301e-01	7.708149935358039606e-01	-5.720709280714630918e-01
-2.536715541840602883e-01	-1.888366934478750980e-01	2.708133726849157319e-01	7.708144922452319081e-01	-5.720673754968388369e-01
-2.537574330087224994e-01	-1.888329611264422392e-01	2.708274275395678998e-01	7.708097187361014901e-01	-5.720401139359194698e-01
-2.537575774879083368e-01	-1.888384071575784917e-01	2.708477909053355059e-01	7.708194689648435460e-01	-5.720834685548187304e-01
-2.536545973756538230e-01	-1.888403662222114532e-01	2.708354992885950718e-01	7.708104350694520157e-01	-5.720736588739595563e-01
-2.536948899962167547e-01	-1.888475784832746029e-01	2.708502521550497089e-01	7.708153946468769835e-01	-5.720775428202409252e-01
-2.537704646811551612e-01	-1.888312588658664359e-01	2.708282186745096243e-01	7.708095802397708640e-01	-5.720728454530692453e-01
-2.538093491730109008e-01	-1.888438012692676415e-01	2.708496064174518714e-01	7.708204146223143205e-01	-5.720721204605319077e-01
-2.537240213438901604e-01	-1.888813901984025267e-01	2.708463730710191641e-01	7.708149362793366155e-01	-5.720728028294567169e-01
-2.536646270168162465e-01	-1.888120048159847575e-01	2.708625080900452509e-01	7.708147816501542682e-01	-5.720691046174016803e-01
-2.537021620912442987e-01	-1.888337816256697721e-01	2.708496733109472254e-01	7.708147829027657272e-01	-5.720709634719731707e-01
-2.538055782359829871e-01	-1.888854632685975643e-01	2.708272826941741651e-01	7.708147068079418407e-01	-5.720721743261418801e-01
-2.537377394359973115e-01	-1.887960065275441912e-01	2.708832831858513646e-01	7.708184997072913269e-01	-5.720601740221159526e-01
-2.537526923186804728e-01	-1.888558569688861544e-01	2.708691438367897275e-01	7.707897526405149691e-01	-5.721262931443709121e-01
-2.537669435657898820e-01	-1.888271600028061936e-01	2.708482780769643217e-01	7.708452079975115501e-01	-5.720655843741099256e-01
-2.537501391355717617e-01	-1.888926321925556429e-01	2.708605443173239813e-01	7.708150121406258659e-01	-5.720698806042892048e-01
-2.536831734101726021e-01	-1.887936155610015487e-01	2.708484153657454985e-01	7.708217110450824583e-01	-5.720688316720934363e-01
-2.537590353886099992e-01	-1.887893995629599531e-01	2.708477679112562542e-01	7.708181628909231975e-01	-5.720784477913795074e-01
-2.537550264481389650e-01	-1.888254161985068458e-01	2.708029000694939237e-01	7.708147288856068702e-01	-5.720713981285653338e-01
-2.537290045809470485e-01	-1.888963369994668684e-01	2.708494851880577925e-01	7.708159609185162298e-01	-5.720731868537535236e-01
-2.538248318618255284e-01	-1.888061398105697064e-01	2.708363895830352974e-01	7.708151157641759399e-01	-5.720712648654292520e-01
-2.537028320866840936e-01	-1.887825884113049357e-01	2.708587575298722627e-01	7.707784210739314634e-01	-5.720775501233756888e-01
-2.537508013076826829e-01	-1.888905454704536968e-01	2.708510034300809499e-01	7.708103218534669843e-01	-5.720699075801887190e-01
-2.538051512421247158e-01	-1.888451164353183442e-01	2.708230917590033759e-01	7.708058857713385725e-01	-5.720827080849130164e-01
-2.537480558578479872e-01	-1.888085037952946244e-01	2.708270490522818874e-01	7.708299903318657220e-01	-5.720651768140622151e-01
-2.537504886108947755e-01	-1.888651509707051368e-01	2.708450878718189903e-01	7.708144085033485915e-01	-5.720712945187980125e-01
-2.537970106664012016e-01	-1.888450794649098319e-01	2.708470758966370906e-01	7.708148755379774508e-01	-5.720718725189301024e-01
-2.537250187694839454e-01	-1.888630482119390830e-01	2.708458446341097670e-01	7.708017971824751013e-01	-5.721071923139173787e-01
-2.536981198592100362e-01	-1.888358323949384243e-01	2.708724789848129810e-01	7.708207578214431033e-01	-5.720809287926845732e-01
-2.537396364272385130e-01	-1.888992011308049945e-01	2.708427723965720069e-01	7.708118105414505372e-01	-5.720799053409941770e-01
-2.537648177158199903e-01	-1.888096691289741225e-01	2.708305937509907224e-01	7.708168454118109469e-01	-5.720575156171949782e-01
-2.537389999316344569e-01	-1.888394444101317293e-01	2.708423126720700402e-01	7.708262399941000487e-01	-5.721151630174283742e-01
-2.537899565324612805e-01	-1.888144427519393154e-01	2.708658040767224495e-01	7.708269810933561228e-01	-5.720670058071329889e-01
-2.536529655935694794e-01	-1.888407934539191868e-01	2.708450080040299968e-01	7.708208224282631083e-01	-5.720781962251235697e-01
-2.537646025856584164e-01	-1.888911045641275543e-01	2.708638377493562399e-01	7.708451388931518711e-01	-5.720709336706079062e-01
-2.537556229334212987e-01	-1.888420180700153272e-01	2.708477231986667344e-01	7.708136600887636192e-01	-5.720708061697558078e-01
-2.537325988347975403e-01	-1.888960962093450824e-01	2.708273634123231077e-01	7.708148538324620658e-01	-5.720686773784783297e-01
-2.537042760451856949e-01	-1.888186558731759224e-01	2.708390702550328433e-01	7.708118498098914806e-01	-5.720729943664257799e-01
-2.537114530822894842e-01	-1.888235938579070905e-01	2.708577015631442042e-01	7.708602089112042144e-01	-5.720517394118391774e-01
-2.537755400047763121e-01	-1.887748127599076231e-01	2.708267087036131948e-01	7.708072859080532524e-01	-5.720671320834452844e-01
-2.537944425858087993e-01	-1.888412736734073061e-01	2.708459755821253090e-01	7.708150192095248876e-01	-5.720713321707949772e-01
-2.537653829596008825e-01	-1.888399815608490795e-01	2.708462179940467895e-01	7.708149858796348175e-01	-5.720711849879447364e-01
-2.537454293611687284e-01	-1.887707467841382991e-01	2.708515042369663561e-01	7.708166539428182862e-01	-5.720741179683356270e-01
-2.537044925927882666e-01	-1.888463159612758235e-01	2.708366039375714185e-01	7.708020973355187433e-01	-5.720713543418147751e-01
-2.537105961327164039e-01	-1.888628552133168603e-01	2.708358622189521725e-01	7.708161913514919306e-01	-5.720640694471711418e-01
-2.537629909852723298e-01	-1.888346107996680123e-01	2.709017848080034208e-01	7.708150755384186592e-01	-5.720850153328479459e-01
-2.537633986435550715e-01	-1.888739797362325723e-01	2.708467467978513121e-01	7.708137719422845091e-01	-5.720712150734024171e-01
-2.537310155335541495e-01	-1.888963582757560156e-01	2.708298084013963658e-01	7.708001203033115756e-01	-5.720686209446427251e-01
-2.537705642097822789e-01	-1.888272790440151117e-01	2.708354298491442713e-01	7.708148549908980796e-01	-5.720747736101414738e-01
-2.536894903402073242e-01	-1.888428713533069903e-01	2.708444063338384389e-01	7.708148424744324378e-01	-5.720714266136877058e-01
-2.536793273454285291e-01	-1.888415515308557446e-01	2.708456577685038891e-01	7.708196079102411780e-01	-5.720711775931954790e-01
-2.538267885912351973e-01	-1.888437714996974714e-01	2.708454408099878474e-01	7.708146520075456198e-01	-5.720692145724465272e-01
-2.538194201101764413e-01	-1.888556111941325777e-01	2.708468896322770436e-01	7.708150250517634694e-01	-5.720711451107451939e-01
-2.537473814799260929e-01	-1.888460361100148532e-01	2.708542763399851561e-01	7.708413231550882427e-01	-5.720857431125356829e-01
-2.536850456557911415e-01	-1.888271457103106177e-01	2.708463279407558599e-01	7.708097844336918580e-01	-5.720710794553672818e-01
-2.537676787855805416e-01	-1.888071270613589647e-01	2.708318330731870338e-01	7.708082564062017639e-01	-5.720757573288050013e-01
-2.537344663886967888e-01	-1.888356728851242339e-01	2.708384287007677971e-01	7.708082871486927612e-01	-5.721140279659547856e-01
-2.537268049650610591e-01	-1.888532702872966484e-01	2.708472324264470377e-01	7.708163982361080357e-01	-5.720727742304897445e-01
-2.536939363807882430e-01	-1.888392092645248821e-01	2.708671689091782242e-01	7.708124868685283237e-01	-5.720752181172514828e-01
-2.537660356285285634e-01	-1.887828750546182710e-01	2.708903161983004515e-01	7.708007519331748769e-01	-5.720784468023321079e-01
-2.537123505950561464e-01	-1.888208138380929046e-01	2.708343643732631922e-01	7.708178543971085928e-01	-5.720980405915041533e-01
-2.537243370138714815e-01	-1.888536853351784339e-01	2.708686084010425432e-01	7.707606531410946538e-01	-5.720810549667530998e-01
-2.537458465734907520e-01	-1.888314290587271294e-01	2.708982677371481462e-01	7.707779730672785767e-01	-5.720538545893404381e-01
-2.536819620034386213e-01	-1.889051155491775214e-01	2.708467895563008709e-01	7.708143139414617151e-01	-5.720719793296070721e-01
-2.538046572433658166e-01	-1.888263126937663461e-01	2.708690154150810159e-01	7.708192163842886302e-01	-5.720804869252749114e-01
-2.537386878759786413e-01	-1.888107334364875489e-01	2.708564580702425562e-01	7.708182724943455355e-01	-5.720898554145742443e-01
-2.537631664090179706e-01	-1.888608534142556250e-01	2.708416043055165146e-01	7.708143551754305101e-01	-5.720706934673265298e-01
-2.538204280251568079e-01	-1.888464252084642858e-01	2.708479280281419488e-01	7.708319933717074912e-01	-5.720660737423398645e-01
-2.537287119425130077e-01	-1.887764542743091967e-01	2.708461955131717391e-01	7.708150107387305994e-01	-5.720778138700912674e-01
-2.537478302246424233e-01	-1.888270998170341608e-01	2.707743544046907758e-01	7.708176022493894441e-01	-5.720799438985518792e-01
-2.538030090098771230e-01	-1.888599802609295109e-01	2.708466998983135587e-01	7.708021105864287792e-01	-5.720648447522246327e-01
-2.537608495293476873e-01	-1.888464642055439069e-01	2.707616878183906062e-01	7.708142624916517471e-01	-5.720700529770206266e-01
-2.537645516100902610e-01	-1.888269726750729516e-01	2.708381459605557207e-01	7.708176621520990146e-01	-5.720690717356035071e-01
-2.538203264988972419e-01	-1.888456497749658458e-01	2.708681471160174770e-01	7.708099523883616966e-01	-5.720680350784626000e-01
-2.537785814137930029e-01	-1.888583167056743783e-01	2.707969418021814456e-01	7.708160533021306549e-01	-5.720709170598589077e-01
-2.537634671878131187e-01	-1.888999761446694403e-01	2.708411898066421797e-01	7.708168782343529646e-01	-5.720698757572101334e-01
-2.536607197428309979e-01	-1.888393392469303878e-01	2.708463046039691347e-01	7.708152670535829420e-01	-5.720711978848234125e-01
-2.537141951569339415e-01	-1.888453229584600435e-01	2.708716601688220260e-01	7.708201861909441677e-01	-5.720697189434879038e-01
-2.538105796934594371e-01	-1.888668579718291718e-01	2.708457304888350903e-01	7.708205435209766199e-01	-5.720709680361052429e-01
-2.536920739832480565e-01	-1.888538969167302406e-01	2.708420085289565127e-01	7.708148470291039667e-01	-5.720710408355035304e-01
-2.537654986309195171e-01	-1.888634233899245951e-01	2.708520958760503028e-01	7.708128941488334718e-01	-5.720744103121189195e-01
-2.538268978614607319e-01	-1.888236533263683570e-01	2.708466025938327526e-01	7.708148873259446088e-01	-5.720728180245945316e-01
-2.536792004658021127e-01	-1.888332857439544155e-01	2.708399875807664947e-01	7.708348407872070984e-01	-5.720726269189735369e-01
-2.537591018624794081e-01	-1.888329669944620315e-01	2.707887557831755165e-01	7.708067337527451102e-01	-5.720693548396803552e-01
-2.537579683112544116e-01	-1.888654830389435713e-01	2.708405546337311898e-01	7.708357113322684695e-01	-5.720742047845642775e-01
-2.536990261915585965e-01	-1.888327633878597034e-01	2.708210945652599899e-01	7.708147875824242767e-01	-5.720713760963942462e-01
-2.537976635613759524e-01	-1.888115502128825396e-01	2.708455603111538657e-01	7.708156177698988198e-01	-5.720713842935654103e-01
-2.538019614381424871e-01	-1.888428361261631216e-01	2.708466675799350853e-01	7.708224375811001394e-01	-5.720732980535498946e-01
-2.537644179274397560e-01	-1.888483263485026542e-01	2.709167387520704517e-01	7.708078779182211404e-01	-5.720728862681281335e-01
-2.538159623627705419e-01	-1.888806899517821991e-01	2.708592251688519692e-01	7.708191532265871171e-01	-5.720701708186162193e-01
-2.537524312499598866e-01	-1.888827956785049944e-01	2.708410971707827519e-01	7.708160336591493023e-01	-5.720658200592377840e-01
-2.537554805962158877e-01	-1.888543861915949196e-01	2.708484784693905856e-01	7.708366735473969333e-01	-5.719966194018426542e-01
-2.538053724279056289e-01	-1.888397669842914739e-01	2.708477237701069074e-01	7.708172798066914577e-01	-5.720713557751823108e-01
-2.537012804986726322e-01	-1.889031879861014507e-01	2.708302526417428746e-01	7.708137660424629889e-01	-5.720712204047269100e-01
-2.537823838825025713e-01	-1.888438966155902843e-01	2.708464412696491852e-01	7.708156281673452792e-01	-5.720704872907697025e-01
-2.537313355018500638e-01	-1.887763154516625130e-01	2.708479636875584240e-01	7.708119292525578148e-01	-5.720646703877707573e-01
-2.536703230750405602e-01	-1.888369450205931166e-01	2.708375646999921504e-01	7.708150054052442801e-01	-5.720723336778108514e-01
-2.538090230199301356e-01	-1.888418505158529215e-01	2.708755721937906036e-01	7.708150240093859518e-01	-5.720715192095791046e-01
-2.537400032454919518e-01	-1.888807101182904125e-01	2.708271871285353738e-01	7.708120431751099844e-01	-5.720734637133999545e-01
-2.536632884309886204e-01	-1.888499949910120712e-01	2.708495125072613585e-01	7.708026923044855039e-01	-5.720732649553968985e-01
-2.537134926685619130e-01	-1.888514165200661232e-01	2.708425731662138514e-01	7.708139737304219308e-01	-5.720672160080003676e-01
-2.537485687335483409e-01	-1.889018001904587407e-01	2.708613481158005931e-01	7.708044907399501655e-01	-5.720851164997214910e-01
-2.536731356319942843e-01	-1.888431038582573940e-01	2.708471756032441169e-01	7.708142387820628993e-01	-5.720713187668913235e-01
-2.537469854623437548e-01	-1.887829010087003767e-01	2.708830613261926090e-01	7.708023249562622192e-01	-5.720564551205228332e-01
-2.537313387626958239e-01	-1.888356639180701346e-01	2.708467095987165396e-01	7.708146110065047241e-01	-5.720724994525689944e-01
-2.536714678631007969e-01	-1.888385802010038306e-01	2.708364745402271345e-01	7.708115404317477104e-01	-5.720725361901315420e-01
-2.537283839355154447e-01	-1.888483767324226348e-01	2.708324703575173964e-01	7.708148926409787993e-01	-5.720708711658656354e-01
-2.537891319035121551e-01	-1.888393678825326660e-01	2.708712536563970819e-01	7.708174095704273254e-01	-5.720765205125938335e-01
-2.538109135158261864e-01	-1.888361179923205013e-01	2.708444938351578513e-01	7.707822105196590057e-01	-5.720703916112431786e-01
-2.537133037201202979e-01	-1.888428600318722839e-01	2.708460389060284856e-01	7.708148949692620322e-01	-5.720711668304833131e-01
-2.538067209961208381e-01	-1.889047006551602959e-01	2.708462105052374946e-01	7.708171244951256273e-01	-5.720696882861729948e-01
-2.536785645885202833e-01	-1.888461463736060553e-01	2.708475510641528694e-01	7.708148578996727451e-01	-5.720747654714114505e-01
-2.537899149427046974e-01	-1.888306974275890948e-01	2.708385271497600333e-01	7.708137637569884015e-01	-5.720670456335549270e-01
-2.538151035066515404e-01	-1.888024454990289702e-01	2.708381050390999412e-01	7.707848246179231921e-01	-5.720705055982368004e-01
-2.537641177407448101e-01	-1.888759983696310651e-01	2.708540397041084846e-01	7.708257029848202269e-01	-5.720701045187447376e-01
-2.537403495552184030e-01	-1.888981529169749263e-01	2.708804775161000600e-01	7.708255704313836665e-01	-5.720604166367809773e-01
-2.536835024510867842e-01	-1.888535245218481151e-01	2.708275935896963249e-01	7.708150974367097286e-01	-5.720697931478243570e-01
-2.538234270284921990e-01	-1.888425553827970116e-01	2.708496796847642551e-01	7.707937976049298312e-01	-5.720732272147712738e-01
-2.537864684040920804e-01	-1.888334160570695752e-01	2.708490836326611917e-01	7.708179888078222630e-01	-5.720709513904042032e-01
-2.537553514090167273e-01	-1.888751506507395095e-01	2.708725410898437658e-01	7.708377191400910267e-01	-5.720918785801736295e-01
-2.537409003403724994e-01	-1.888135953739052686e-01	2.707779452461995251e-01	7.708098561788292447e-01	-5.720530360873019582e-01
-2.537958896355624883e-01	-1.888409766041178606e-01	2.708539681630088292e-01	7.708156560333077056e-01	-5.720707320998174028e-01
-2.536607321910647750e-01	-1.888396237686433832e-01	2.708563978314172394e-01	7.708114903659529782e-01	-5.720709713125683438e-01
-2.537187113491984891e-01	-1.888281698348919790e-01	2.708642296450162190e-01	7.708151455273548613e-01	-5.720773035066938350e-01
-2.537428740283110828e-01	-1.888115279069340624e-01	2.708422118300823911e-01	7.708178272179951884e-01	-5.720704006605327185e-01
-2.537460696736329457e-01	-1.888707557832206008e-01	2.708735579099175728e-01	7.708137882129060259e-01	-5.720703222461576143e-01
-2.537557585717309383e-01	-1.888456249943603615e-01	2.708432444435771025e-01	7.708149870252892777e-01	-5.720711787298485840e-01
-2.536854081839738373e-01	-1.888338947331625328e-01	2.708384371937683777e-01	7.707913213353453363e-01	-5.720679468875342621e-01
-2.537880736966286466e-01	-1.888421212969855767e-01	2.708453329239174368e-01	7.708176891711523426e-01	-5.720709884799843881e-01
-2.537847408605826693e-01	-1.888447588363960650e-01	2.708488497690359487e-01	7.708211636832892344e-01	-5.720543766310146605e-01
-2.537740271425503180e-01	-1.888347012793730184e-01	2.708733731557291802e-01	7.708151602678413594e-01	-5.720723943112088206e-01
-2.537411082328966949e-01	-1.888522478772677593e-01	2.709313848950624104e-01	7.708192244071909727e-01	-5.720692548718201431e-01
-2.537533674813963747e-01	-1.889085025811221563e-01	2.708740330301817600e-01	7.708156589631638411e-01	-5.720651036907387077e-01
-2.537303690023430813e-01	-1.888785680131738476e-01	2.708378703643981589e-01	7.708093322355281662e-01	-5.720727223760192492e-01
-2.537619757895595018e-01	-1.888912655736648405e-01	2.708460399678329633e-01	7.708135918261759256e-01	-5.720692062185831483e-01
-2.537352653956421733e-01	-1.888639033415930313e-01	2.708495620851942842e-01	7.708715403222721196e-01	-5.720982768311907440e-01
-2.536869317453726014e-01	-1.888230677076880304e-01	2.708473185320262044e-01	7.708154722208516718e-01	-5.720703297587451663e-01
-2.537618496553902259e-01	-1.888148475046027286e-01	2.708469864641149805e-01	7.708424910664846141e-01	-5.720832558130282131e-01
-2.537895242130888684e-01	-1.888464484690549061e-01	2.708598439988607609e-01	7.708181480099811633e-01	-5.720551739333613606e-01
-2.538177322436537264e-01	-1.888440949571526806e-01	2.708512523979672570e-01	7.708151075912953454e-01	-5.720689633152011844e-01
-2.536858424981371929e-01	-1.888398363700545535e-01	2.708462016739103806e-01	7.708149085390740840e-01	-5.720714471547364566e-01
-2.537478084361857733e-01	-1.889081563555963517e-01	2.708275572989966018e-01	7.708515607651164059e-01	-5.720759472506887766e-01
-2.537151942220742251e-01	-1.888527925299988419e-01	2.708230158677686905e-01	7.708139029871492465e-01	-5.720883534239290524e-01
-2.537391141629501412e-01	-1.888364991605011867e-01	2.708837381857255311e-01	7.708284016982452913e-01	-5.720626393846273139e-01
-2.537227816236684586e-01	-1.887496004364798419e-01	2.708486814787918751e-01	7.708160784571284063e-01	-5.720696900214261582e-01
-2.536728589960000058e-01	-1.888609127953508604e-01	2.708458392506077339e-01	7.708141476227354794e-01	-5.720709070296412513e-01
-2.537864745972649438e-01	-1.887996719708087967e-01	2.708338325205912889e-01	7.708153711899931038e-01	-5.720696965858375060e-01
-2.538282159202720489e-01	-1.888442078512892475e-01	2.708458279946583946e-01	7.708147710260826457e-01	-5.720714570265001964e-01
-2.538236941336325936e-01	-1.888332934026835108e-01	2.708471945457581742e-01	7.708169059268241696e-01	-5.720665522006084247e-01
-2.537711297252714937e-01	-1.888415166453648042e-01	2.708901782988928919e-01	7.708273055618256597e-01	-5.720712854230994848e-01
-2.537843768145766066e-01	-1.888388168196471484e-01	2.708532540739416183e-01	7.708146039462628885e-01	-5.720677316028327519e-01
-2.537973000625824427e-01	-1.888365390860524407e-01	2.708387627968147915e-01	7.708232098960577927e-01	-5.720706702463690396e-01
-2.537226561616908183e-01	-1.888471950607620853e-01	2.708461307852366717e-01	7.708363222468205267e-01	-5.720869222485145400e-01
-2.537396054811598689e-01	-1.888858038187934962e-01	2.708317335779915624e-01	7.708160109785782144e-01	-5.720671184210166516e-01
-2.537345981614491097e-01	-1.888304354439949151e-01	2.708376345586580580e-01	7.708164515574981168e-01	-5.720481961102353852e-01
-2.537953215156742437e-01	-1.888265956432962633e-01	2.708440482680573025e-01	7.708057751335094521e-01	-5.720414310349288822e-01
-2.536837827691798553e-01	-1.888231571859183833e-01	2.708446685139196952e-01	7.708148827347043319e-01	-5.720715531570196299e-01
-2.538174066094419645e-01	-1.888414236565312265e-01	2.708196487729165880e-01	7.708108965699855819e-01	-5.720514313331641620e-01
-2.538401478540803780e-01	-1.888347026845553778e-01	2.708443855192235739e-01	7.708147836645954376e-01	-5.720706355942091204e-01
-2.537641037005152200e-01	-1.888524994679795510e-01	2.708646846951610065e-01	7.708235194981262195e-01	-5.720537486644506897e-01
-2.537885808456685766e-01	-1.888501318578003629e-01	2.708832765399173947e-01	7.708030240828726010e-01	-5.720717170573685895e-01
-2.537817304814667385e-01	-1.888089977988293422e-01	2.708510752596500759e-01	7.708236495810302236e-01	-5.720656631864585728e-01
-2.537383048832534960e-01	-1.888892845844462598e-01	2.708747512460136231e-01	7.708167903832998658e-01	-5.720790430467397325e-01
-2.537215167377475655e-01	-1.887563770546996922e-01	2.708495218112602076e-01	7.708165324149732767e-01	-5.720710808944066139e-01
-2.537479072176132000e-01	-1.888437524120867017e-01	2.708431430514189331e-01	7.708112665729340840e-01	-5.721213098460867785e-01
-2.537105355807808826e-01	-1.888783678628850604e-01	2.708466881162334694e-01	7.708127630910442951e-01	-5.720690367003279375e-01
-2.537623417897383882e-01	-1.887691335758521771e-01	2.708424344835237974e-01	7.708184339598047607e-01	-5.720725400549843132e-01
-2.537145796356621297e-01	-1.888408490243573545e-01	2.708268742550912767e-01	7.708361907224661191e-01	-5.720826599058363993e-01
-2.537088289582624112e-01	-1.888467811409526853e-01	2.708503435927353542e-01	7.708146999280032219e-01	-5.720756026629968405e-01
-2.537213628092526707e-01	-1.888107365343291710e-01	2.708473036887291130e-01	7.708080158641625879e-01	-5.720712211691557636e-01
-2.536610650160099900e-01	-1.888479883447076735e-01	2.708611981777936384e-01	7.708134583370828130e-01	-5.720500926159878263e-01
-2.537371317211800092e-01	-1.888726793984000785e-01	2.708426223717754766e-01	7.708165641941955304e-01	-5.720715923338682840e-01
-2.537538606695787236e-01	-1.888519645740726893e-01	2.708303982736305349e-01	7.708147673664812460e-01	-5.720753684468111722e-01
-2.537956019516051653e-01	-1.888208356896919904e-01	2.708346892740798872e-01	7.708127629002043957e-01	-5.720688485016287572e-01
-2.537497270892968837e-01	-1.888789676174290610e-01	2.708182408852375933e-01	7.708009364593815249e-01	-5.720955534385454566e-01
-2.538064807297431558e-01	-1.888721516323361715e-01	2.708457022918684953e-01	7.708204374417845228e-01	-5.720725393044613361e-01
-2.537999981279253081e-01	-1.888532734899288357e-01	2.708342520469868009e-01	7.708125433703429952e-01	-5.720839100568073654e-01
-2.536893633748878996e-01	-1.888465962954314903e-01	2.708450838629697932e-01	7.708141894959245066e-01	-5.720710541372808766e-01
-2.537068494043054900e-01	-1.888201369518688055e-01	2.708701577422641948e-01	7.708485364405235352e-01	-5.720716243531883682e-01
-2.537700662315846012e-01	-1.888503033218706939e-01	2.708260807740279219e-01	7.707952180239502349e-01	-5.721153096249492753e-01
-2.537185935457237362e-01	-1.888293734627065623e-01	2.708466009572121358e-01	7.708149211317202321e-01	-5.720711728818314024e-01
-2.537522182080247379e-01	-1.889110539707130609e-01	2.708463667592773683e-01	7.708173185989091181e-01	-5.720719542346455189e-01
-2.537418588305205280e-01	-1.887986899509323802e-01	2.708661378739717907e-01	7.708148701854690144e-01	-5.720639179366671101e-01
-2.538226887992814929e-01	-1.888422021759892100e-01	2.708463735677705264e-01	7.708149668358662554e-01	-5.720712034028380133e-01
-2.537087423113452700e-01	-1.887847963966167442e-01	2.708489138966385101e-01	7.708141398727136329e-01	-5.720702340662806584e-01
-2.537991210121550711e-01	-1.888356531280285244e-01	2.708462282955014788e-01	7.708149670572789214e-01	-5.720676888041570374e-01
-2.537424170819661540e-01	-1.887698988090244778e-01	2.708543240241788608e-01	7.708247723440337928e-01	-5.721050478794699190e-01
-2.537164452727730390e-01	-1.888708266398520519e-01	2.708431709823457267e-01	7.708083328163388703e-01	-5.720725890946064540e-01
-2.537229553779006275e-01	-1.888148933070539770e-01	2.708511062982967843e-01	7.708237423639229258e-01	-5.720694056602085853e-01
-2.537832294248950626e-01	-1.888781149094445888e-01	2.708488304168123473e-01	7.708139193606806661e-01	-5.720674902979192566e-01
-2.537345239413061893e-01	-1.888368260634523954e-01	2.708462485059012215e-01	7.708150750008281316e-01	-5.720718734353728019e-01
-2.537529981104627574e-01	-1.888442561754527793e-01	2.708243366312960143e-01	7.708091882243979232e-01	-5.720430280854803540e-01
-2.537542831722595094e-01	-1.888283812454764898e-01	2.708424058259552014e-01	7.708326843937296502e-01	-5.720587064876124783e-01
-2.536789817437904992e-01	-1.888447843032802775e-01	2.708451813941780140e-01	7.708426636905270080e-01	-5.720703854096866880e-01
-2.537557054464951167e-01	-1.889293996004175469e-01	2.708417509011604163e-01	7.708179963865998685e-01	-5.720716236908988117e-01
-2.537869422597230917e-01	-1.888312149304599008e-01	2.708205989332101438e-01	7.708130956138241618e-01	-5.720749844020891484e-01
-2.537701720384392123e-01	-1.887989920671154787e-01	2.708699932514641584e-01	7.708129649646263681e-01	-5.720837058160918032e-01
-2.537100437204578007e-01	-1.888442759137428928e-01	2.708085107990841900e-01	7.708249656752573786e-01	-5.721004062124103173e-01
-2.537400603697947954e-01	-1.887840499015827900e-01	2.708455447495214385e-01	7.708157697392885588e-01	-5.720679685580771778e-01
-2.537861096975829733e-01	-1.888425603302218425e-01	2.708282673838114385e-01	7.708123188570518147e-01	-5.720715060998343704e-01
-2.538211509812011712e-01	-1.888445507242875743e-01	2.708459196706970995e-01	7.708159100407359077e-01	-5.720713628033271547e-01
-2.537300195602260056e-01	-1.888394765445423895e-01	2.708183804355741020e-01	7.708306453512859813e-01	-5.720700677927733624e-01
-2.538465590730225041e-01	-1.888442431390661702e-01	2.708456526990593027e-01	7.708173874008810156e-01	-5.720715949123689192e-01
-2.537459631206393507e-01	-1.888355609998914053e-01	2.708602322314311306e-01	7.707579810606669524e-01	-5.720398506175726761e-01
-2.538151687142338186e-01	-1.888209012867191061e-01	2.708597589179991272e-01	7.708259362428385719e-01	-5.720802673543288197e-01
-2.537490905448763767e-01	-1.888416143861884056e-01	2.708431088748649573e-01	7.707754782687222805e-01	-5.720664702300281013e-01
-2.537580486936623636e-01	-1.889096804070154456e-01	2.708430601128974935e-01	7.708085821242893765e-01	-5.720817505435968897e-01
-2.536901483081780984e-01	-1.888368316311647976e-01	2.708492253481514789e-01	7.708122633986077554e-01	-5.720803171572352852e-01
-2.537460356962613073e-01	-1.888712123008225996e-01	2.708337295822230706e-01	7.708098759734171024e-01	-5.720691293316811921e-01
-2.537752636995505018e-01	-1.888436561239254519e-01	2.708561275180662031e-01	7.708236184473703512e-01	-5.720670846965564271e-01
-2.537479422951214314e-01	-1.888796035616041591e-01	2.708908520292763744e-01	7.708163342399408924e-01	-5.720670752022957162e-01
-2.538196855911724059e-01	-1.888414277446312517e-01	2.708502314512245546e-01	7.708133799432843603e-01	-5.720714449370524202e-01
-2.536912419254887530e-01	-1.888462376628426975e-01	2.708561888861418798e-01	7.707971386971010919e-01	-5.720352528397987246e-01
-2.538173814029612285e-01	-1.888162700642072034e-01	2.708412877955052034e-01	7.708145225205914608e-01	-5.720723989834813894e-01
-2.537432271831652209e-01	-1.887969052695292749e-01	2.708756565836553665e-01	7.707882518499831193e-01	-5.720839174124870974e-01
-2.537872710541271282e-01	-1.888745548455888768e-01	2.708621051476422514e-01	7.708151895597703529e-01	-5.720099028313254674e-01
-2.537822402318765658e-01	-1.888456706493663040e-01	2.708486066161155947e-01	7.707836697644114832e-01	-5.720842304712664417e-01
-2.538092257756855985e-01	-1.888371474022463581e-01	2.708478746961346939e-01	7.708144861716209606e-01	-5.720699176627415117e-01
-2.536780840619183297e-01	-1.888937845723120401e-01	2.708464141653464941e-01	7.708149521684334315e-01	-5.720711695233042793e-01
-2.537056839062872826e-01	-1.888387240670978129e-01	2.708567012768589577e-01	7.708147974281087667e-01	-5.720989763760171432e-01
-2.537780965816426870e-01	-1.888442062091735818e-01	2.708428396238629632e-01	7.708149414911501518e-01	-5.720723730406210850e-01
-2.537090782972549752e-01	-1.888220474818830819e-01	2.708631452792424898e-01	7.708023919440517568e-01	-5.720389143937714138e-01
-2.537410684045151577e-01	-1.888548907668873289e-01	2.708423224867569368e-01	7.708134090098027746e-01	-5.720646859538345286e-01
-2.538301284646801159e-01	-1.888476497674161370e-01	2.708482922048304209e-01	7.708146927251348091e-01	-5.720707162358404929e-01
-2.537325914022880990e-01	-1.888429541354132435e-01	2.708473332335476491e-01	7.708139893285302913e-01	-5.720718496651825413e-01
-2.536765365389722637e-01	-1.888336254509601908e-01	2.708469297083776484e-01	7.708142545365177511e-01	-5.720701515347998978e-01
-2.537616313391857781e-01	-1.889113977320723003e-01	2.708451528813087816e-01	7.708064545582196114e-01	-5.720587512719662593e-01
-2.537459459073507229e-01	-1.888608524908069464e-01	2.708603287372396973e-01	7.707960099725251757e-01	-5.720728264220690251e-01
-2.537209947489876827e-01	-1.888373530875227246e-01	2.708464604869637582e-01	7.708155304362269700e-01	-5.720739508057840483e-01
-2.537878722868496806e-01	-1.888543323736584512e-01	2.708351160924405976e-01	7.708133098190470545e-01	-5.720776111682700504e-01
-2.537269019824192617e-01	-1.887683013031158930e-01	2.708175391014557842e-01	7.708146412693746008e-01	-5.720689637534189798e-01
-2.538128567784935230e-01	-1.888503046247264061e-01	2.708512942374810550e-01	7.708147585749270947e-01	-5.720676970974358788e-01
-2.537465497664250225e-01	-1.889225143487502645e-01	2.708403183801420533e-01	7.708202831789192633e-01	-5.720822004255364801e-01
-2.537559024556314546e-01	-1.888064737587750452e-01	2.708403429011775332e-01	7.708136348231924284e-01	-5.720694442231424315e-01
-2.537963490401033972e-01	-1.888434223951321322e-01	2.708462541760319198e-01	7.708149726035218308e-01	-5.720711867214934854e-01
-2.537998900631197596e-01	-1.888930659212352259e-01	2.708492640186401235e-01	7.708387419470892343e-01	-5.720572675725641432e-01
-2.537227785131005997e-01	-1.888474989607777654e-01	2.708452779010592226e-01	7.708124805578474570e-01	-5.720531630804789325e-01
-2.538216482083148762e-01	-1.888434357422005827e-01	2.708469292827188624e-01	7.708161158140659497e-01	-5.720698479647705614e-01
-2.536884697788054921e-01	-1.888252091041254244e-01	2.708465974172634128e-01	7.708140913406460459e-01	-5.720679757616832228e-01
-2.536857889291410095e-01	-1.888424293520638286e-01	2.708479519360790788e-01	7.708147536480223216e-01	-5.720712592100629656e-01
-2.536688760454083313e-01	-1.888675196901726527e-01	2.708456364661818161e-01	7.708154007977563449e-01	-5.720701315162675105e-01
-2.537424796354358913e-01	-1.888748521356196364e-01	2.708667452305291712e-01	7.708148236258043351e-01	-5.720903064663231952e-01
-2.537237208765931173e-01	-1.888180893954229667e-01	2.708276411041193876e-01	7.708335357891363815e-01	-5.720683605970280361e-01
-2.537174769575051836e-01	-1.888429746561380851e-01	2.708401275572545064e-01	7.708178038574821089e-01	-5.720779638986389637e-01
-2.537562772792738008e-01	-1.888296036940333156e-01	2.708453570850991587e-01	7.708133869947633166e-01	-5.720624171854616913e-01
-2.537461534206967850e-01	-1.888325860410501600e-01	2.708780205326274393e-01	7.708586183975321138e-01	-5.720845689667155565e-01
-2.537617288430765172e-01	-1.888408148585195012e-01	2.708617078454758076e-01	7.707959375022902515e-01	-5.720837775219808075e-01
-2.537534419171911804e-01	-1.888345600033567717e-01	2.708385468697485088e-01	7.708099389453447747e-01	-5.720711305795560531e-01
-2.538022328649638393e-01	-1.888147306957684290e-01	2.708637041795967093e-01	7.708130991008236288e-01	-5.720803263667841865e-01
-2.537014865446720058e-01	-1.888163507551366971e-01	2.708528316587131002e-01	7.708153921577370893e-01	-5.720709406142093778e-01
-2.536918646916810904e-01	-1.888296680979952014e-01	2.708384244508457717e-01	7.708128464517077783e-01	-5.720745227610523065e-01
-2.536836337541408248e-01	-1.888330857275966335e-01	2.708394637667047578e-01	7.708115390539143075e-01	-5.720926138249433635e-01
-2.536705807076206631e-01	-1.888363420958421302e-01	2.708401112936080213e-01	7.708148193461236142e-01	-5.720693801047632698e-01
-2.537638443702656121e-01	-1.889203109962433180e-01	2.708451428382013249e-01	7.708148756022302761e-01	-5.720709327637694130e-01
-2.537530083886603838e-01	-1.888000219549882397e-01	2.708588654753560365e-01	7.708142583180540575e-01	-5.720667738092457544e-01
-2.537514321259315420e-01	-1.888282602659598908e-01	2.708020585581020212e-01	7.708121844127860944e-01	-5.720854194641175061e-01
-2.536956028969077903e-01	-1.888390248356606183e-01	2.708489300301369362e-01	7.708157750635914462e-01	-5.720692487803635817e-01
-2.538218498571586657e-01	-1.888971962541697025e-01	2.708426659966312045e-01	7.708125833367429625e-01	-5.720724998110294779e-01
-2.537658097951731029e-01	-1.888254292718148097e-01	2.708409254167561397e-01	7.708172936648404194e-01	-5.720846032146935656e-01
-2.537705880923913915e-01	-1.888335931105902532e-01	2.708368256880329672e-01	7.708029901551877172e-01	-5.720880962769466782e-01
-2.537019194348819062e-01	-1.888503905693701135e-01	2.708492838631695321e-01	7.708149410206182051e-01	-5.720625502346579072e-01
-2.536925040213142690e-01	-1.888327673110947735e-01	2.708549006704995543e-01	7.708150430183581259e-01	-5.720722136546805281e-01
-2.537338471689880026e-01	-1.888030982583016326e-01	2.708347993274412002e-01	7.708199828145274601e-01	-5.720782689564173351e-01
-2.537051765179876850e-01	-1.888454194182108414e-01	2.708494436140208017e-01	7.708144219121294549e-01	-5.720705876677067980e-01
-2.537110981073218419e-01	-1.888449371696945822e-01	2.708460522883774368e-01	7.708180868417854326e-01	-5.720700343189953907e-01
-2.537297901937850542e-01	-1.888162048298608897e-01	2.708532277219743989e-01	7.707946524110699249e-01	-5.720695587894334411e-01
-2.537632548052312642e-01	-1.888260035512526192e-01	2.708488039516441237e-01	7.708770222465531896e-01	-5.720743882347814058e-01
-2.536589871654821304e-01	-1.888420016973397786e-01	2.708463280395643213e-01	7.708150557737937225e-01	-5.720715153053607116e-01
-2.537477832646496401e-01	-1.888508601818442989e-01	2.708760000426847503e-01	7.708334009144075516e-01	-5.720688337020672920e-01
-2.537765921148921744e-01	-1.888433526334574175e-01	2.708462194110362597e-01	7.708149989164886362e-01	-5.720711927951586118e-01
-2.537738477818378136e-01	-1.888433265152245910e-01	2.708319108089600746e-01	7.708098151880962146e-01	-5.720537876168898528e-01
-2.538262362222756252e-01	-1.888118464552137887e-01	2.708452459814931212e-01	7.708168499334281387e-01	-5.720694923937041931e-01
-2.537598120983702299e-01	-1.888590929052288980e-01	2.708454175118223950e-01	7.708150007131598924e-01	-5.720717024494194058e-01
-2.537457517765775439e-01	-1.888373720067581529e-01	2.709018716360346302e-01	7.708150433073165386e-01	-5.720748403165738516e-01
-2.536931512856911430e-01	-1.888141774996596745e-01	2.708487272379624944e-01	7.708159026543570658e-01	-5.720872901003570821e-01
-2.536944581527268983e-01	-1.888261143494617267e-01	2.708476742468732823e-01	7.707746050480076550e-01	-5.720701845902047555e-01
-2.537103438033390668e-01	-1.887821669403223768e-01	2.708457482092475610e-01	7.708081021788134590e-01	-5.720681652231077718e-01
-2.537378825709026842e-01	-1.888420430840633824e-01	2.708534751586280653e-01	7.708091974217237130e-01	-5.720716779110659456e-01
-2.537085664079761771e-01	-1.888133320772197588e-01	2.708519800680634915e-01	7.708160178365170978e-01	-5.720681896798694988e-01
-2.537223344355681309e-01	-1.887552016691600998e-01	2.708445746122340458e-01	7.708154218273053360e-01	-5.720705018065029845e-01
-2.536847119472662171e-01	-1.888418102685337774e-01	2.708470780308933623e-01	7.708152054316249613e-01	-5.720711645039994186e-01
-2.537465439237095444e-01	-1.889007295875325121e-01	2.708666763629785645e-01	7.707855598158543931e-01	-5.720690832059973641e-01
-2.537851285009620206e-01	-1.888667786503377966e-01	2.708373624680683878e-01	7.708325291547181157e-01	-5.721006879497860798e-01
-2.537112248485615118e-01	-1.888434333540897347e-01	2.708320527056534699e-01	7.708146934063804245e-01	-5.720708652568283759e-01
-2.538007273206079328e-01	-1.888591481085963031e-01	2.708453413759857598e-01	7.708137466448153896e-01	-5.720808273806210487e-01
-2.537464355557325635e-01	-1.888467013188516452e-01	2.708479745470008249e-01	7.707990672071839411e-01	-5.720377178277316066e-01
-2.537276088915614847e-01	-1.888911173976045299e-01	2.708443913656918278e-01	7.707984322577838832e-01	-5.720709223429002455e-01
-2.537473014817719363e-01	-1.887660416549925002e-01	2.708279531500762949e-01	7.708145928470735431e-01	-5.720472606909386970e-01
-2.538379372212544727e-01	-1.888241441440680624e-01	2.708446429723404547e-01	7.708188740277125417e-01	-5.720762790578056700e-01
-2.536824158604130131e-01	-1.888685617184434617e-01	2.708356209541354920e-01	7.708111655697617026e-01	-5.720778904953511823e-01
-2.537838183422574945e-01	-1.888735081679724093e-01	2.708977809609300347e-01	7.708292878088317535e-01	-5.720931261773176679e-01
-2.537974792238167354e-01	-1.888419127804046582e-01	2.708493750970062952e-01	7.708159860688370557e-01	-5.720714147189824850e-01
-2.537710411432221314e-01	-1.888453613539122500e-01	2.708474978155981927e-01	7.708163381565670269e-01	-5.720713249190828575e-01
-2.537575215763667735e-01	-1.888369925487889123e-01	2.708486870588501239e-01	7.708164374520329876e-01	-5.720846867448805551e-01
-2.537495615925592918e-01	-1.888041327101444566e-01	2.708128264230132420e-01	7.708172227745073712e-01	-5.720658287271886966e-01
-2.537119586895132395e-01	-1.888182820492297076e-01	2.708215292306292987e-01	7.708136400764594720e-01	-5.720712580534963454e-01
-2.537458111036334785e-01	-1.888250905771640675e-01	2.708553295485858214e-01	7.708129444451267132e-01	-5.720698011705874775e-01
-2.537662480846034074e-01	-1.888548689009067194e-01	2.708815351848942732e-01	7.708150297022000608e-01	-5.720712694596767900e-01
-2.537562788157562976e-01	-1.888353292491120050e-01	2.708421818040364082e-01	7.708146954496024605e-01	-5.720730194777449151e-01
-2.537565509276950571e-01	-1.888418505620749477e-01	2.708484484636374812e-01	7.708156531194377825e-01	-5.720712783829010606e-01
-2.538302103532672493e-01	-1.888376730508815327e-01	2.708495974991415589e-01	7.708097460832845638e-01	-5.720719091718297067e-01
-2.537524853369895750e-01	-1.888987690824711629e-01	2.708464803328469728e-01	7.708451466053614087e-01	-5.720548827118473456e-01
-2.537944658482985671e-01	-1.888734247310703274e-01	2.708542001083228956e-01	7.708167117331523599e-01	-5.720702895791979214e-01
-2.536741251173726952e-01	-1.888692739929964670e-01	2.708914892745451497e-01	7.707937267388500491e-01	-5.720709263645363807e-01
-2.537475746360513540e-01	-1.888553467934709906e-01	2.708512648490156716e-01	7.708162014034870557e-01	-5.720641825014632920e-01
-2.537598503439737474e-01	-1.888656616644852071e-01	2.708688467518222120e-01	7.708100107043042160e-01	-5.720862714075662936e-01
-2.537494824032767160e-01	-1.888344070883979930e-01	2.708658760670380472e-01	7.707661123187146135e-01	-5.720530942486594661e-01
-2.537677614448189956e-01	-1.888501890508406944e-01	2.708528471152024664e-01	7.708132716828947073e-01	-5.721002005924494815e-01
-2.537476043918032720e-01	-1.888643038897905302e-01	2.708267120035460773e-01	7.708311480352160183e-01	-5.720685553551395630e-01
-2.537697624863770596e-01	-1.888428090812854787e-01	2.708466578614625031e-01	7.708142800987483056e-01	-5.720721328633397995e-01
-2.537123682856404772e-01	-1.888345754529685006e-01	2.708151559224888927e-01	7.708213523699180003e-01	-5.720644047374418006e-01
-2.537278046311506885e-01	-1.888230700790989314e-01	2.708231419395753514e-01	7.708156160336915308e-01	-5.720562962167863308e-01
-2.537417714156676163e-01	-1.888416904857007084e-01	2.708477143691215838e-01	7.708131090321931334e-01	-5.720726010362985336e-01
-2.537299025532930852e-01	-1.887747741444996130e-01	2.708449316618970482e-01	7.708170923788323359e-01	-5.720717915753626981e-01
-2.537671946145709234e-01	-1.888790423844146915e-01	2.708649034356532259e-01	7.708143179724979976e-01	-5.720987899666566401e-01
-2.537981843015242323e-01	-1.888022290238256518e-01	2.708625876983126179e-01	7.708237761805697419e-01	-5.720640647084557218e-01
-2.536802624398858397e-01	-1.888411997376445994e-01	2.708546530795697960e-01	7.708092045527816794e-01	-5.720798067979456780e-01
-2.537888406799446162e-01	-1.888435758645180540e-01	2.708453216598451507e-01	7.708164864171158648e-01	-5.720752541139280112e-01
-2.537179769046438160e-01	-1.888483149228855629e-01	2.708540580918355478e-01	7.707913480259249717e-01	-5.720709790250737559e-01
-2.536949988767284170e-01	-1.888448642031584079e-01	2.708344954360127899e-01	7.708142961794116621e-01	-5.720699508467256278e-01
-2.537334334402662206e-01	-1.888454467146902516e-01	2.708485755967207642e-01	7.708114996892999615e-01	-5.720729071840348068e-01
-2.537472974618847354e-01	-1.888813576649760184e-01	2.708676307124018856e-01	7.708153160267874338e-01	-5.720699741185002463e-01
-2.537258668122616689e-01	-1.888901958520385060e-01	2.708487577725823825e-01	7.708140068072172335e-01	-5.720716902285248873e-01
-2.537505503457440637e-01	-1.888419487811635045e-01	2.708954576249589241e-01	7.708061709883110568e-01	-5.720608636151321980e-01
-2.537695900805327920e-01	-1.888354439632898563e-01	2.708450761496615233e-01	7.708143605644817153e-01	-5.720711485643482641e-01
-2.537647430329933451e-01	-1.888124669232894848e-01	2.708926082763222221e-01	7.708068729762959093e-01	-5.720714454094379953e-01
-2.537227610077290585e-01	-1.888222369929627442e-01	2.708646823739738196e-01	7.708151538130099123e-01	-5.720714802014874589e-01
-2.536972476511257790e-01	-1.888412989824194699e-01	2.708488922795614928e-01	7.708143946711424332e-01	-5.720711774404747541e-01
-2.538396140340167806e-01	-1.888246892854833769e-01	2.708454243892780555e-01	7.708198324885879860e-01	-5.720845893973984797e-01
-2.537963395861808635e-01	-1.888370895547414052e-01	2.708351972231619609e-01	7.708267985418669754e-01	-5.720769848009863434e-01
-2.537739693483250791e-01	-1.888409509651736706e-01	2.709042039954589476e-01	7.708072211293133247e-01	-5.720688832605826946e-01
-2.537644862676381452e-01	-1.888744638712728796e-01	2.708416581329624595e-01	7.708150309424517399e-01	-5.720642537994192756e-01
-2.537612617193091280e-01	-1.888742582000112469e-01	2.708020308024287615e-01	7.707976609887302599e-01	-5.720712306086195298e-01
-2.537512789114347855e-01	-1.888428667187150856e-01	2.708560852105292294e-01	7.707534385745457017e-01	-5.720920322992919527e-01
-2.536995999446926553e-01	-1.888318865469176266e-01	2.708442100399277574e-01	7.708194129628075375e-01	-5.720713396778982496e-01
-2.537731939453526930e-01	-1.887959306708092422e-01	2.708692423478916145e-01	7.708036964092750409e-01	-5.720785214921659811e-01
-2.537327918332293319e-01	-1.888753213180560386e-01	2.708548826174781987e-01	7.708043042848381488e-01	-5.720794980545220731e-01
-2.537557063161586246e-01	-1.888066049018779502e-01	2.708004738106216114e-01	7.708240333762673702e-01	-5.720557787882193379e-01
-2.537554572294120070e-01	-1.889170482506114523e-01	2.708273055331656409e-01	7.708133744516709740e-01	-5.720698332382386786e-01
-2.536813709165137709e-01	-1.888410691985158707e-01	2.708465407789628632e-01	7.708165027232000144e-01	-5.720736100562949789e-01
-2.537376666225127364e-01	-1.888359250230900455e-01	2.708469021602276650e-01	7.708143764549271193e-01	-5.720760904810224812e-01
-2.536625150551055086e-01	-1.888387548184586040e-01	2.708440533562101460e-01	7.708104289152976074e-01	-5.720719908147675614e-01
-2.537979753067939881e-01	-1.888298182119376722e-01	2.708412262502295498e-01	7.707895046677536444e-01	-5.720381634320760300e-01
-2.537187570223425892e-01	-1.888426125422138224e-01	2.708411897279190406e-01	7.708157890982366700e-01	-5.720665661659994905e-01
-2.537572108890497335e-01	-1.888759541818519905e-01	2.708086810812071477e-01	7.708141364728077205e-01	-5.720713764430693793e-01
-2.537532207737607792e-01	-1.887816396928038987e-01	2.708951047333086337e-01	7.707978524223335626e-01	-5.720736078161802185e-01
-2.536668238582255319e-01	-1.888427096126648885e-01	2.708545873609635724e-01	7.708096490773077569e-01	-5.720657151858972167e-01
-2.537596562031760872e-01	-1.888215683551807134e-01	2.708781076594304338e-01	7.708276176017796466e-01	-5.720789619764146128e-01
-2.537583460194710594e-01	-1.888602034293693499e-01	2.708396735159158686e-01	7.707818132017915103e-01	-5.720499535291002635e-01
-2.537224815041370096e-01	-1.888439113335597108e-01	2.708570789638571341e-01	7.708146619805302802e-01	-5.720564381712081037e-01
-2.537531698847395045e-01	-1.888430425459906026e-01	2.707897645208706128e-01	7.708238127326262346e-01	-5.720502386959364083e-01
-2.537659941333581526e-01	-1.889162847546332624e-01	2.708715696697632236e-01	7.708366605557201989e-01	-5.720711646956746499e-01
-2.537617374345481625e-01	-1.888634548686038694e-01	2.708497485162817964e-01	7.708182297385649528e-01	-5.720785556992380450e-01
-2.537431887442483380e-01	-1.888499205514931334e-01	2.708763536981868558e-01	7.708206694840268325e-01	-5.720693096973340497e-01
-2.537939656751626027e-01	-1.888552961954738652e-01	2.708458136475530020e-01	7.707999352503273061e-01	-5.720736943973916411e-01
-2.536951297967188768e-01	-1.888448548539731486e-01	2.708488377649054812e-01	7.708143856194258348e-01	-5.720708503699872827e-01
-2.537502062459665031e-01	-1.888621738529571992e-01	2.708397247181921208e-01	7.708118809074192557e-01	-5.720728281499819490e-01
-2.537017024078587202e-01	-1.888437293379326143e-01	2.708498792745379635e-01	7.708079891358439184e-01	-5.720774991486601291e-01
-2.536749608549708768e-01	-1.888402311002405909e-01	2.708462729397046465e-01	7.708149952955597461e-01	-5.720712278373581983e-01
-2.537304606745441893e-01	-1.888437736151558077e-01	2.708468094780216995e-01	7.708148561557444101e-01	-5.720712262276912430e-01
-2.537972089674480070e-01	-1.888785634629709109e-01	2.708542074941537869e-01	7.708201584320681921e-01	-5.720296953660574113e-01
-2.537456839483021032e-01	-1.888279373468583489e-01	2.708618699224416004e-01	7.708384237764948077e-01	-5.720809712307592942e-01
-2.537941271260689691e-01	-1.887785839049354875e-01	2.708598934402181579e-01	7.708146924347348827e-01	-5.720729359084473220e-01
-2.537316005843260336e-01	-1.888434217607291576e-01	2.708533186597284481e-01	7.707779377341292815e-01	-5.720777196234779760e-01
-2.537356811730927530e-01	-1.888536045604518598e-01	2.708226502218618048e-01	7.707917607263848891e-01	-5.720800620088829502e-01
-2.537329689944338718e-01	-1.888951080124393611e-01	2.708499906651150591e-01	7.708198697120620668e-01	-5.720697156125013061e-01
-2.537554849131499202e-01	-1.888293075856649628e-01	2.707663909666613300e-01	7.707965797865699020e-01	-5.720733097547956447e-01
-2.537616243902197644e-01	-1.889053590630158652e-01	2.708662504409612426e-01	7.708255772640394410e-01	-5.720831809099858889e-01
-2.537360688673861442e-01	-1.887750339932284527e-01	2.708619990411899603e-01	7.708117155754803385e-01	-5.720776000137258732e-01
-2.537646990612504871e-01	-1.888351132179461322e-01	2.708404560454844012e-01	7.708159911008717335e-01	-5.720752697776875229e-01
-2.536541101640450435e-01	-1.888387249581935934e-01	2.708460243362150188e-01	7.708187009743328044e-01	-5.720710127930807021e-01
-2.537316045560367717e-01	-1.888280059317870296e-01	2.708505386968154682e-01	7.708150390940580188e-01	-5.720783696705610266e-01
-2.536995542453180374e-01	-1.888248937347049294e-01	2.708449822718154154e-01	7.708250811393455582e-01	-5.720701730664879969e-01
-2.537479263039261745e-01	-1.888118880855420290e-01	2.708464691566436766e-01	7.708149164319535451e-01	-5.720712323007016709e-01
-2.537361665831048274e-01	-1.888434288895142754e-01	2.708441320054092993e-01	7.707784934569440471e-01	-5.720724580975278251e-01
-2.536955257641108630e-01	-1.888392289206328734e-01	2.708453178616797019e-01	7.708150493317005303e-01	-5.720716079839635038e-01
-2.537437810376071967e-01	-1.888687371443417140e-01	2.708223641424350459e-01	7.708150379682913167e-01	-5.720737803575391967e-01
-2.537230244950427482e-01	-1.888492638081064046e-01	2.708060926897846166e-01	7.708142607490694465e-01	-5.720597342746882585e-01
-2.536955541401038072e-01	-1.888507199687678717e-01	2.708635491021188502e-01	7.708154261122319717e-01	-5.720728957921662472e-01
-2.537209411497292622e-01	-1.888245125474344588e-01	2.708764834278061251e-01	7.708109892315250233e-01	-5.720659198331760065e-01
-2.537913304106456103e-01	-1.888157973176453897e-01	2.708422143950151573e-01	7.708099473027322235e-01	-5.720701273858442848e-01
-2.537863576959394907e-01	-1.888369804176837918e-01	2.708446100719993366e-01	7.707990341205873674e-01	-5.720661458679687783e-01
-2.538306306907661680e-01	-1.888849344862922330e-01	2.708422722942355754e-01	7.708151707813905018e-01	-5.720715231697404146e-01
-2.537424164208040289e-01	-1.888456047014398509e-01	2.708119297296749939e-01	7.708077577921430557e-01	-5.720795992619371884e-01
-2.537255968705685039e-01	-1.888591518274244097e-01	2.708495157968398570e-01	7.708072757930810592e-01	-5.720756874343254639e-01
-2.537480678904209808e-01	-1.889360409692603104e-01	2.708499488507171704e-01	7.708149835722150067e-01	-5.720712848256861438e-01
-2.537731321134171214e-01	-1.888419535736626242e-01	2.708463578780765935e-01	7.708149526022075593e-01	-5.720712050998264520e-01
-2.537547759994671082e-01	-1.889080440699720531e-01	2.708221984673148675e-01	7.708152789196794918e-01	-5.720708195935444440e-01
-2.538011249055934782e-01	-1.888356639862139030e-01	2.708383206911678109e-01	7.708207163368110404e-01	-5.720593938750176966e-01
-2.537552423922757039e-01	-1.887753231293402001e-01	2.708556270838009539e-01	7.707967831743024467e-01	-5.720917135845682289e-01
-2.538243033210958455e-01	-1.888189579021135045e-01	2.708841716354491447e-01	7.708150229360053451e-01	-5.720730235456449320e-01
-2.537584066112831827e-01	-1.888212982240112525e-01	2.708510153130555542e-01	7.708020212421623496e-01	-5.720592740288805711e-01
-2.537902971106897332e-01	-1.888747544820265911e-01	2.708273453274915865e-01	7.707995488384480343e-01	-5.720420111425795762e-01
-2.538307729638193400e-01	-1.888382994935250137e-01	2.708474252070452448e-01	7.708060388480675318e-01	-5.720724190685171351e-01
-2.538365874587822923e-01	-1.888442839217241986e-01	2.708489874086821292e-01	7.708097883651260362e-01	-5.720714276300742362e-01
-2.537592329770688715e-01	-1.888196363848547998e-01	2.708612910847698063e-01	7.708155610777589484e-01	-5.720500731147777351e-01
-2.537506314321513745e-01	-1.887612667123936827e-01	2.708681298970442852e-01	7.708276032998987448e-01	-5.720428524317133778e-01
-2.537457362925006343e-01	-1.889409565330440466e-01	2.708490750627392529e-01	7.708134173724673355e-01	-5.720696094176256352e-01
-2.537103381661485191e-01	-1.888828613469215878e-01	2.708480190238637952e-01	7.708034396867637916e-01	-5.720713562005432795e-01
-2.536726970016437988e-01	-1.888331522042920319e-01	2.708383079903146085e-01	7.708355527288622833e-01	-5.720728989939595222e-01
-2.537460873722154342e-01	-1.887858762723690631e-01	2.708485318611309478e-01	7.708152001289128030e-01	-5.720709625585125302e-01
-2.537611912147855753e-01	-1.888052743831879488e-01	2.708465552367502749e-01	7.708578569031802052e-01	-5.720930893443791909e-01
-2.536689980385038456e-01	-1.888563207624758267e-01	2.708440095221479327e-01	7.708144659473882276e-01	-5.720704592551418832e-01
-2.537306735150612336e-01	-1.888459250586078386e-01	2.708748494493358749e-01	7.708055463697511822e-01	-5.720705557054190926e-01
-2.537489588359214676e-01	-1.887941379469750547e-01	2.708482488766238983e-01	7.708309295108110026e-01	-5.720713180053536018e-01
-2.537007589833749632e-01	-1.888453013409418513e-01	2.708462079937722922e-01	7.708149625608252675e-01	-5.720712103909947333e-01
-2.537380733359080875e-01	-1.889073861107454511e-01	2.708613050768746700e-01	7.708191557804590088e-01	-5.720615780322796384e-01
-2.538013468709522935e-01	-1.888068128649466326e-01	2.708461107080983865e-01	7.708149932803256554e-01	-5.720711888048788385e-01
-2.538005036412419591e-01	-1.888431384634126076e-01	2.708460038751013266e-01	7.708393132530144687e-01	-5.720883593478931495e-01
-2.537520539444961809e-01	-1.888865113787157324e-01	2.708493033238957293e-01	7.708149729451510002e-01	-5.720712458373058418e-01
-2.537471095746031136e-01	-1.888333193366402152e-01	2.708374565715503945e-01	7.708287058496230415e-01	-5.720332677819620626e-01
-2.537747780705706391e-01	-1.888353582499705807e-01	2.708952856928155684e-01	7.708224307488743543e-01	-5.720677415440885705e-01
-2.537589828416530469e-01	-1.888601995319896532e-01	2.708292589353764046e-01	7.708429657903986820e-01	-5.721133407693199668e-01
-2.537442150398678820e-01	-1.888445289909076730e-01	2.708933566698162321e-01	7.708073840428836254e-01	-5.720705595587614045e-01
