-1.710256233843147067e-01	5.372785596381716156e-01	-4.192771904867109156e-01	1.292683371616404786e+00	4.616879548268142952e-01
-1.710711266219572535e-01	5.372652996390050451e-01	-4.193059248265507133e-01	1.292689030209777101e+00	4.616722252564683937e-01
-1.709834604067400898e-01	5.372591101405411740e-01	-4.192769110605750749e-01	1.292691308797891292e+00	4.616735269321277091e-01
-1.709724582092493061e-01	5.372683947831381479e-01	-4.193128714015186831e-01	1.292693524080872569e+00	4.616698569097825722e-01
-1.710193614147709484e-01	5.372494076382697825e-01	-4.193231495583881752e-01	1.292715303313580977e+00	4.616718594819784749e-01
-1.710956895508249920e-01	5.372284195627066161e-01	-4.193198819466104621e-01	1.292657746472344549e+00	4.616734138871875781e-01
-1.709817846423105914e-01	5.372622378202763782e-01	-4.193082955170213677e-01	1.292683782791608005e+00	4.616698921497524588e-01
-1.710468152657411700e-01	5.372628007224851121e-01	-4.193000223368616441e-01	1.292682084149625599e+00	4.616718421445374365e-01
-1.709569790958853641e-01	5.372599533701102326e-01	-4.193011221054278592e-01	1.292683868344973508e+00	4.616677272546382271e-01
-1.709662169463621872e-01	5.372154679882357176e-01	-4.192919866804354356e-01	1.292683246884527293e+00	4.616693908288590498e-01
-1.711072016399033113e-01	5.372704657263656092e-01	-4.192948801333294395e-01	1.292685203395973259e+00	4.616732242021949761e-01
-1.710544443532067971e-01	5.372859416935049648e-01	-4.192787082832859502e-01	1.292684610614523333e+00	4.616637900426977525e-01
-1.710043325597327690e-01	5.372914138637668868e-01	-4.193028738316523230e-01	1.292685114056652651e+00	4.617293665912932110e-01
-1.710266922254036759e-01	5.372720284898543364e-01	-4.192866877468723885e-01	1.292688892500508224e+00	4.616699961954191522e-01
-1.710226808843587354e-01	5.372469237809899267e-01	-4.193115158083736138e-01	1.292684859671427988e+00	4.616522822790787295e-01
-1.709978267167424626e-01	5.372729811432093161e-01	-4.192949414662057728e-01	1.292686367377141154e+00	4.617058641915193773e-01
-1.710263673358218550e-01	5.372382403956370567e-01	-4.193017496074363804e-01	1.292677658947167130e+00	4.616312154072347296e-01
-1.710368563801598629e-01	5.373356250549157220e-01	-4.193050981906983887e-01	1.292685157705213639e+00	4.616732265174769978e-01
-1.709435319081123172e-01	5.372538048732375948e-01	-4.193014242070619013e-01	1.292685184695524070e+00	4.616720835739835382e-01
-1.710180022233215857e-01	5.372509960738466317e-01	-4.193281633030976896e-01	1.292702899609191158e+00	4.616804053645164330e-01
-1.709877981110987377e-01	5.372584267710147632e-01	-4.192951596607539799e-01	1.292682763827591952e+00	4.616689364408938512e-01
-1.710270955197661369e-01	5.373262657756990857e-01	-4.192996408231694505e-01	1.292683535768030412e+00	4.616703154306100454e-01
-1.710608015924520997e-01	5.372619562634300960e-01	-4.192988167638928010e-01	1.292689765197122087e+00	4.616714673002623170e-01
-1.709720909800439836e-01	5.372386057968776552e-01	-4.193471172949210235e-01	1.292698674254112445e+00	4.616709265473643575e-01
-1.710320568784202966e-01	5.372696293957003322e-01	-4.192576390670457731e-01	1.292683967408768231e+00	4.616594754002014689e-01
-1.710646823670890770e-01	5.372389642422183975e-01	-4.193003128535631729e-01	1.292683953591486468e+00	4.616693873072859056e-01
-1.710468786047145140e-01	5.372451429088818120e-01	-4.192999975605622986e-01	1.292684011885219419e+00	4.616695906418065154e-01
-1.709778981963963884e-01	5.372558133090852284e-01	-4.192973397342694142e-01	1.292685500697236201e+00	4.616712576418343650e-01
-1.709822131685536373e-01	5.371799143011868338e-01	-4.193017362182074326e-01	1.292684788746707891e+00	4.616708497238186659e-01
-1.710466504353648776e-01	5.373197998499669170e-01	-4.192872820369243914e-01	1.292672902451354355e+00	4.616444150366445509e-01
-1.710125821559949633e-01	5.372762878610076731e-01	-4.192994715057522526e-01	1.292682932883900238e+00	4.616862219005060108e-01
-1.710153109649351910e-01	5.372747649479198140e-01	-4.193413453361884979e-01	1.292685703777056494e+00	4.616658512044226059e-01
-1.710444386679867423e-01	5.372117291602874767e-01	-4.192999546861115867e-01	1.292686574664282384e+00	4.616690603490446465e-01
-1.710860972890397291e-01	5.372614920925061766e-01	-4.192998962429852483e-01	1.292681471301108775e+00	4.616608710882179056e-01
-1.710213073341422807e-01	5.372649128436322030e-01	-4.192994357721777643e-01	1.292682621950905109e+00	4.616384311430084542e-01
-1.710194306775586204e-01	5.373151714732290474e-01	-4.193075975984288939e-01	1.292687752581718863e+00	4.616747535534574953e-01
-1.710121386554577794e-01	5.373504765409298223e-01	-4.192993313666020794e-01	1.292684154197641266e+00	4.616696041851601207e-01
-1.710237110462050902e-01	5.372445765814859442e-01	-4.192783068662844781e-01	1.292682648349555041e+00	4.616534992206611787e-01
-1.709756543500660086e-01	5.372362062692070950e-01	-4.193166839048385608e-01	1.292682414084254106e+00	4.616757880863731622e-01
-1.710248666568935927e-01	5.372371306010452763e-01	-4.192998104106036017e-01	1.292683702834731552e+00	4.616693438274728778e-01
-1.710402251383793260e-01	5.372831848556949286e-01	-4.193068866467061784e-01	1.292682552104722493e+00	4.616694735637571489e-01
-1.709996775308714745e-01	5.372891213549350065e-01	-4.193090183465466581e-01	1.292683804722462249e+00	4.616577377663841353e-01
-1.709831266518583026e-01	5.373201761458481496e-01	-4.192709170788071482e-01	1.292676920871514534e+00	4.616716360325772150e-01
-1.710355703075814859e-01	5.373111606993240530e-01	-4.193446753093832968e-01	1.292684706468747224e+00	4.616917755119525624e-01
-1.710318402355193168e-01	5.372566963536044016e-01	-4.192996434641319548e-01	1.292684929290728979e+00	4.616695537371817704e-01
-1.710077948679517845e-01	5.372746867989512953e-01	-4.193120052458558789e-01	1.292686593314495314e+00	4.616397080805733633e-01
-1.710229232911132380e-01	5.372387560756421987e-01	-4.192783920167219569e-01	1.292698401736657399e+00	4.616641874346345542e-01
-1.710902628430805705e-01	5.372701573444070844e-01	-4.192970826149683417e-01	1.292683137312868213e+00	4.616707674418636942e-01
-1.710491397274271907e-01	5.372580142556504512e-01	-4.193010496674102194e-01	1.292683748607166505e+00	4.616683241567227647e-01
-1.710561495681234279e-01	5.372473269180116917e-01	-4.193047024114102683e-01	1.292689683726803374e+00	4.616170651609023401e-01
-1.710978416567558169e-01	5.372633651445920533e-01	-4.193026670245791343e-01	1.292684394743935039e+00	4.616723516609842481e-01
-1.709853610798672541e-01	5.372028900198818624e-01	-4.193137817001854617e-01	1.292685061470636221e+00	4.616652908529204624e-01
-1.709750113971222063e-01	5.372919545640637562e-01	-4.192975584592499305e-01	1.292684121380224038e+00	4.616670153643626096e-01
-1.711218342899351597e-01	5.372617811930227028e-01	-4.193000398895921910e-01	1.292684572129514819e+00	4.616696740573987268e-01
-1.710259543844964980e-01	5.372649438040014713e-01	-4.192545553908469946e-01	1.292664096621853664e+00	4.616908140159621809e-01
-1.710215987487685441e-01	5.372426656143008961e-01	-4.193252576525982045e-01	1.292723826921900354e+00	4.616439664203909055e-01
-1.710275557401505497e-01	5.372657279522402574e-01	-4.193008819403893916e-01	1.292686691316873082e+00	4.616718621238949383e-01
-1.709390651048594834e-01	5.372803114367297184e-01	-4.193023484061511041e-01	1.292675303065192738e+00	4.616688433490829246e-01
-1.710275411262505985e-01	5.372413542165829226e-01	-4.193095236900111766e-01	1.292686681338229393e+00	4.616590865230764673e-01
-1.710079569444536707e-01	5.373166846060006829e-01	-4.192894565475517310e-01	1.292664328607767255e+00	4.616708877462099569e-01
-1.709919341897712108e-01	5.373185978773287186e-01	-4.192992018384873454e-01	1.292683628716010835e+00	4.616645619581849491e-01
-1.710071119598075284e-01	5.372845027310193533e-01	-4.192980689374783410e-01	1.292707328211117224e+00	4.616773150952310223e-01
-1.710659037046936282e-01	5.372546966223761267e-01	-4.193471377649456988e-01	1.292684709568693302e+00	4.616698223648193489e-01
-1.711006621816184847e-01	5.372485337194988775e-01	-4.192998124734905740e-01	1.292683591005254540e+00	4.616693245221742958e-01
-1.710029133156438230e-01	5.372432785551890522e-01	-4.192470600330829855e-01	1.292687942733319995e+00	4.617051935902272142e-01
-1.710157448704120731e-01	5.372644176122545190e-01	-4.193014433338880242e-01	1.292681616763044383e+00	4.616848813229808557e-01
-1.710123530598705588e-01	5.372765765257191406e-01	-4.192998761474448499e-01	1.292712478406619514e+00	4.616724656838069873e-01
-1.710212000050164993e-01	5.372684133596214995e-01	-4.193196049569493655e-01	1.292681051455037755e+00	4.616914819095189748e-01
-1.710285331286070243e-01	5.373086443238401788e-01	-4.193134812752347118e-01	1.292684725976773974e+00	4.616693040948247062e-01
-1.709622868789671679e-01	5.372322958191431130e-01	-4.193003571391673567e-01	1.292685212596184741e+00	4.616941704101840127e-01
-1.710371562902219256e-01	5.372622543187927091e-01	-4.193055347090458018e-01	1.292659108163415560e+00	4.616935791162797842e-01
-1.710213081721109751e-01	5.372254766453561370e-01	-4.193049003064014402e-01	1.292681521808158207e+00	4.616861721689355380e-01
-1.710869237065626158e-01	5.372627595495463870e-01	-4.193525968730767439e-01	1.292688075859764751e+00	4.616581857573094361e-01
-1.709493625858269084e-01	5.372657186465320533e-01	-4.192883439702677073e-01	1.292678363375361128e+00	4.616177803698567339e-01
-1.710678160625320743e-01	5.372540253435394986e-01	-4.193105839400701473e-01	1.292680318978861820e+00	4.616880220701259363e-01
-1.709921887371946003e-01	5.372610732457255844e-01	-4.192860605485426717e-01	1.292684704304812637e+00	4.616671451906364521e-01
-1.710123097364562028e-01	5.372963759432834996e-01	-4.193130285364053966e-01	1.292689603669307852e+00	4.616662626088696153e-01
-1.710190264860536047e-01	5.372614026299136203e-01	-4.193260579204668992e-01	1.292668732587363589e+00	4.616655329111769013e-01
-1.711003254021444542e-01	5.372626516246364892e-01	-4.193028089495512978e-01	1.292681207284757772e+00	4.616700077176152384e-01
-1.710644285630648354e-01	5.372884143108156429e-01	-4.193015913716322540e-01	1.292685462486114600e+00	4.616699503445813035e-01
-1.710182593948743057e-01	5.373376617498747398e-01	-4.192863889046868353e-01	1.292684694231422515e+00	4.616682957045480373e-01
-1.709602962454752906e-01	5.372702788150942599e-01	-4.193006707283326584e-01	1.292686908208487084e+00	4.616701657229487221e-01
-1.710554960868869712e-01	5.372621681054838838e-01	-4.192999632097583196e-01	1.292684700365264838e+00	4.616695919218321564e-01
-1.710481733975554863e-01	5.372742139444045550e-01	-4.193459718739841469e-01	1.292685806079437505e+00	4.616710312916370573e-01
-1.710327551598432583e-01	5.372591161466917509e-01	-4.192460458046249339e-01	1.292682114920048253e+00	4.616686471787562196e-01
-1.709904095934514368e-01	5.372959461945638893e-01	-4.192931061212842869e-01	1.292680776708869939e+00	4.616654511096284774e-01
-1.710492313882098214e-01	5.372943298615313612e-01	-4.193513028941164844e-01	1.292695465395640175e+00	4.616696920499684942e-01
-1.710923065225661011e-01	5.373067226774422833e-01	-4.193140879348411509e-01	1.292685418781891249e+00	4.616701469445715911e-01
-1.711010719144299974e-01	5.372639461407909822e-01	-4.193094041779421577e-01	1.292683024169782424e+00	4.616699751263185214e-01
-1.710055109010812646e-01	5.372891654935633143e-01	-4.192850957726387828e-01	1.292642935957176276e+00	4.616787868743403300e-01
-1.710350705205228861e-01	5.371694744583991321e-01	-4.193013183512888653e-01	1.292681656401451162e+00	4.616693781150336129e-01
-1.709614521103423324e-01	5.372427104873268577e-01	-4.192970613727462492e-01	1.292686584929087168e+00	4.616695703740162360e-01
-1.710121753036824288e-01	5.372993838114665799e-01	-4.193000120570462563e-01	1.292616103994911780e+00	4.616644972966063576e-01
-1.709617609308333730e-01	5.372653712066404186e-01	-4.192545501905562411e-01	1.292685083791584644e+00	4.616800939497601175e-01
-1.710501391197047083e-01	5.372193494861619012e-01	-4.193256895934196482e-01	1.292688315355342121e+00	4.616859818903858992e-01
-1.709954213436420123e-01	5.372581022752370705e-01	-4.193545060522373413e-01	1.292664664702106947e+00	4.617240338278009171e-01
-1.710261086435949651e-01	5.372768245491831296e-01	-4.192672055742658888e-01	1.292680575648432972e+00	4.616723663060393057e-01
-1.710244849650933152e-01	5.372254221871414215e-01	-4.193277435851860413e-01	1.292676789857858610e+00	4.616835918904579894e-01
-1.709852695307399473e-01	5.372016526444167717e-01	-4.193008360162922554e-01	1.292684951884777389e+00	4.616670854623041165e-01
-1.709418490739933183e-01	5.372610525331523723e-01	-4.192964131584887566e-01	1.292686819049385205e+00	4.616704579863747937e-01
-1.710144094806946569e-01	5.372635779255497956e-01	-4.192979286826943874e-01	1.292686044329495187e+00	4.616701908529545206e-01
-1.710328191869071590e-01	5.373124363134481607e-01	-4.193034013696868567e-01	1.292684954818926979e+00	4.616709114393177660e-01
-1.710471791939895125e-01	5.373321767015791783e-01	-4.193019094083810239e-01	1.292684207755820713e+00	4.616695019563321067e-01
-1.709590795918718986e-01	5.372764021335949547e-01	-4.192999572340897485e-01	1.292684742605977544e+00	4.616655200144890170e-01
-1.710515603993742750e-01	5.372688375479285350e-01	-4.193294056362072419e-01	1.292702504591116908e+00	4.617161094071319805e-01
-1.710608046592791975e-01	5.372265458402912808e-01	-4.192963807336255178e-01	1.292685224314902959e+00	4.616739380122341641e-01
-1.710803081697818695e-01	5.372036073037893544e-01	-4.193065330609619390e-01	1.292680342315501774e+00	4.616616892435567165e-01
-1.710704273379470841e-01	5.372592124072075315e-01	-4.192979158883676227e-01	1.292685565100510914e+00	4.616688754625803415e-01
-1.710586162190405046e-01	5.372911324002098699e-01	-4.192866140666834385e-01	1.292685020080992730e+00	4.616696381744296307e-01
-1.710960619502681079e-01	5.372716810334837723e-01	-4.192867436114376956e-01	1.292676789449000330e+00	4.616696307896853146e-01
-1.709425142501039274e-01	5.372928364491926789e-01	-4.192999631084332046e-01	1.292689345920804866e+00	4.616340431918147247e-01
-1.709385074343393873e-01	5.372583343625959573e-01	-4.192977792809666204e-01	1.292677355603225831e+00	4.616740066503072226e-01
-1.710061802429192757e-01	5.372068238912531823e-01	-4.193102920023821234e-01	1.292691914403057085e+00	4.616858418502788330e-01
-1.710694756104715053e-01	5.372693686417963077e-01	-4.193017775354845322e-01	1.292684657792204428e+00	4.616691102843977212e-01
-1.710875159535690804e-01	5.372625667578898589e-01	-4.193018653397436735e-01	1.292681155345605015e+00	4.616774932914909368e-01
-1.710267361731174496e-01	5.372110188371207462e-01	-4.192478529456374892e-01	1.292685909293119773e+00	4.616699600739129217e-01
-1.710218633795817511e-01	5.372652477522267267e-01	-4.192339213433723399e-01	1.292677499876745406e+00	4.616975937945269060e-01
-1.710222264013461502e-01	5.372521668121672533e-01	-4.192325666709042498e-01	1.292687896717069407e+00	4.616823194140173836e-01
-1.710607726475056600e-01	5.372476843057941709e-01	-4.192957734659583657e-01	1.292681649882591044e+00	4.616678612727331266e-01
-1.710628504374183123e-01	5.372632688399381351e-01	-4.193115112278559820e-01	1.292652003260352789e+00	4.616691624872574784e-01
-1.710218936249305044e-01	5.372806288431511978e-01	-4.193012327803246064e-01	1.292697000020075482e+00	4.617028476447512242e-01
-1.709911674094342360e-01	5.372385666708902052e-01	-4.193045695237564985e-01	1.292682699181189498e+00	4.616705130824618197e-01
-1.710300896487022548e-01	5.372658444784864651e-01	-4.192565347572574930e-01	1.292686745608047749e+00	4.616875787144374965e-01
-1.710805243177979662e-01	5.373090307328545201e-01	-4.193161551282786337e-01	1.292679599343092178e+00	4.616974028706042343e-01
-1.710554461504490142e-01	5.372782259373329872e-01	-4.192983209414143930e-01	1.292696004671161525e+00	4.616678298014167403e-01
-1.710624573468895737e-01	5.372641481671209807e-01	-4.193117678378322499e-01	1.292666717288343259e+00	4.616118979435920866e-01
-1.710087530855514959e-01	5.372658149629144786e-01	-4.193132281065256040e-01	1.292677599090731766e+00	4.616661643544427984e-01
-1.709792467846971142e-01	5.372801583952908633e-01	-4.193104334960198187e-01	1.292688699484523029e+00	4.616614149724019844e-01
-1.710009531389872495e-01	5.372434364361665660e-01	-4.192986086141650137e-01	1.292685460581942891e+00	4.616691991231438585e-01
-1.710139529297185768e-01	5.372657722684931469e-01	-4.192680033339890588e-01	1.292707366381065315e+00	4.616953414787020038e-01
-1.710225664164601034e-01	5.373433614527456381e-01	-4.192940099512282859e-01	1.292685226274041366e+00	4.616681938573105048e-01
-1.710147181149385687e-01	5.373128316402857596e-01	-4.193012383095022222e-01	1.292682196613384127e+00	4.616706799176244491e-01
-1.710154114096048839e-01	5.372819656916274500e-01	-4.193035425388895732e-01	1.292684781385781800e+00	4.616851710133170750e-01
-1.710362095881974298e-01	5.372775782103689224e-01	-4.193669215346916834e-01	1.292707363127524101e+00	4.616653311109141233e-01
-1.710573791933041876e-01	5.372624235609815280e-01	-4.193056271244625099e-01	1.292684036233892719e+00	4.616663103580875838e-01
-1.710236398580373685e-01	5.372458741199193089e-01	-4.193006336829043779e-01	1.292682395417969365e+00	4.616790092496016462e-01
-1.710164373005825245e-01	5.372534213436496175e-01	-4.193023433009042678e-01	1.292687035943433926e+00	4.616220307186205130e-01
-1.710222465605018005e-01	5.372591527959506008e-01	-4.193326013473022140e-01	1.292638973225495924e+00	4.616660350613556729e-01
-1.710760189779235441e-01	5.372458967143186603e-01	-4.192956860589489021e-01	1.292684788557017628e+00	4.616774986748179987e-01
-1.710216127181509727e-01	5.372715071592006897e-01	-4.193045077063762283e-01	1.292650459003878760e+00	4.616170930757064195e-01
-1.710380770364432479e-01	5.372627678254392469e-01	-4.192975149592092499e-01	1.292676067294163289e+00	4.616675435194096400e-01
-1.709786483615923225e-01	5.372550033403574732e-01	-4.193125768678225840e-01	1.292671305870201515e+00	4.616793063994873436e-01
-1.710164362986902054e-01	5.373298608902536966e-01	-4.193131160493776544e-01	1.292675450800725656e+00	4.616711863104182578e-01
-1.709638947983966872e-01	5.372806077096377031e-01	-4.193281081231492458e-01	1.292679435006505617e+00	4.616655632337490767e-01
-1.709798646163594449e-01	5.372647278021278616e-01	-4.193001021586624244e-01	1.292686931784255311e+00	4.617039377892013241e-01
-1.710687517077796038e-01	5.372100970949204024e-01	-4.192942852597521530e-01	1.292698282039982605e+00	4.616675944149227218e-01
-1.710078989771420532e-01	5.372693946002780052e-01	-4.192918154294911770e-01	1.292682911175447202e+00	4.615910510365435204e-01
-1.710531961147277180e-01	5.372742372237555575e-01	-4.192971714479945544e-01	1.292732286055947588e+00	4.616301049646820975e-01
-1.709326863559881560e-01	5.372797689826431800e-01	-4.193048454993724139e-01	1.292685298723026177e+00	4.616701016577828831e-01
-1.709998396883800620e-01	5.373004910249326027e-01	-4.192779414900434931e-01	1.292684763246865876e+00	4.616672347858091219e-01
-1.710219463633415315e-01	5.371748062327553752e-01	-4.192941598242033718e-01	1.292683276197049924e+00	4.616602999451817624e-01
-1.710831810627641003e-01	5.372595134975017839e-01	-4.192753486540626295e-01	1.292685140389366882e+00	4.616788550753271325e-01
-1.710715298506108040e-01	5.373208461893150822e-01	-4.192932031043381524e-01	1.292690861269842673e+00	4.616725170734582995e-01
-1.709959794659141608e-01	5.372649528991100265e-01	-4.192994753792986251e-01	1.292684724951687070e+00	4.616704795247372206e-01
-1.710190756087388297e-01	5.372505730759636888e-01	-4.192962206448014317e-01	1.292686681952560646e+00	4.616919774070410987e-01
-1.710820280285730299e-01	5.372451413006306131e-01	-4.192904766574699349e-01	1.292678280872673557e+00	4.616631365171967594e-01
-1.710140445198862214e-01	5.372804614002930634e-01	-4.193585909176499316e-01	1.292683436622783066e+00	4.616548488068086820e-01
-1.709916509210227253e-01	5.372652833013702445e-01	-4.192928561647865648e-01	1.292691013143089762e+00	4.616714196955311600e-01
-1.710612674910516884e-01	5.372649372846508564e-01	-4.192915151128503437e-01	1.292688861086678465e+00	4.616689210323315362e-01
-1.709906407248633353e-01	5.372434754605913687e-01	-4.193348203848624167e-01	1.292699851719971704e+00	4.616791568273394541e-01
-1.709686552050884156e-01	5.372864310399702026e-01	-4.192466563451471839e-01	1.292685907156705838e+00	4.616730338755937191e-01
-1.710254964849302617e-01	5.371900494690878824e-01	-4.193031070728511778e-01	1.292684242337981848e+00	4.616682803728825446e-01
-1.710481410350494502e-01	5.372835619192469769e-01	-4.192607693510901345e-01	1.292677033006377263e+00	4.616695272503926195e-01
-1.710201451298220265e-01	5.372554198779608825e-01	-4.192961052286923729e-01	1.292696620107751437e+00	4.616075785534527465e-01
-1.710309090820862632e-01	5.373494124601163602e-01	-4.193107354063951298e-01	1.292682980457778408e+00	4.616698411353508669e-01
-1.709898673020498472e-01	5.372687556424777799e-01	-4.193426107568075101e-01	1.292673253217039520e+00	4.616630795855768410e-01
-1.710716079515487431e-01	5.372686719172374836e-01	-4.193078678005353055e-01	1.292684067179806773e+00	4.616831103624588484e-01
-1.710067267608269270e-01	5.372735386737929053e-01	-4.192756931687791067e-01	1.292697051241145756e+00	4.616746471034980925e-01
-1.710057603276759486e-01	5.371996366821285562e-01	-4.192895851131721585e-01	1.292690864250215732e+00	4.616780060522734375e-01
-1.709660133534064430e-01	5.372581936877398601e-01	-4.192960696533947207e-01	1.292679077238445107e+00	4.616706383270732239e-01
-1.710101289414861780e-01	5.372405820872951931e-01	-4.192931115532512742e-01	1.292685386274304848e+00	4.616710008737237581e-01
-1.710922539591497871e-01	5.372672689471218455e-01	-4.193133020831701918e-01	1.292681449195014709e+00	4.616923295798411320e-01
-1.710395307101467421e-01	5.372299338412052094e-01	-4.193004653267707327e-01	1.292701918581508735e+00	4.617044982050313995e-01
-1.710461327310047186e-01	5.372577980299469980e-01	-4.192680965299027118e-01	1.292670707115810114e+00	4.616732193615435409e-01
-1.710396226808230946e-01	5.372229792444578322e-01	-4.193037320597280404e-01	1.292701627026547229e+00	4.616893140359449310e-01
-1.710283593964476989e-01	5.372390558528687965e-01	-4.192793264037172341e-01	1.292686268671644267e+00	4.616799683951745559e-01
-1.710997272419806647e-01	5.372526671013442279e-01	-4.192917282344132412e-01	1.292683680033593907e+00	4.616685052097223019e-01
-1.710648852092309380e-01	5.373065429294582307e-01	-4.193007910311951636e-01	1.292684464862054572e+00	4.616697853123581385e-01
-1.710686032820363245e-01	5.371816813312121353e-01	-4.193005383811795883e-01	1.292683942067502256e+00	4.616695826213498277e-01
-1.711009464971530725e-01	5.372709073068709928e-01	-4.192993790526726716e-01	1.292684159461105597e+00	4.616703202173603193e-01
-1.710940384886601717e-01	5.372134833860244818e-01	-4.192985332164786971e-01	1.292685224593466797e+00	4.616712307884960897e-01
-1.709755086197382312e-01	5.372016329351760877e-01	-4.192960577782072207e-01	1.292681921594738492e+00	4.616668595109619244e-01
-1.710293564517542386e-01	5.372569758957452812e-01	-4.193000302215691422e-01	1.292684714732231788e+00	4.616695435906246758e-01
-1.710039256133251973e-01	5.372503094510787669e-01	-4.192951173517358021e-01	1.292679296466480610e+00	4.617028913245468380e-01
-1.710078457776307015e-01	5.372753498303928232e-01	-4.193028066745099758e-01	1.292685583275899885e+00	4.616697019046429040e-01
-1.710703590405665275e-01	5.372626599313305995e-01	-4.193004244759892529e-01	1.292685808129898861e+00	4.616625183971458934e-01
-1.710836983053904414e-01	5.372576676913042304e-01	-4.193053665896807614e-01	1.292689577774081222e+00	4.616691967531634799e-01
-1.709562972778712331e-01	5.372727993165741234e-01	-4.192984611669963724e-01	1.292684151472426990e+00	4.616694277649692202e-01
-1.709973411373146290e-01	5.372451524959522828e-01	-4.192714709394548267e-01	1.292684637792123947e+00	4.616689357520785686e-01
-1.710100671898590607e-01	5.372612940733237918e-01	-4.193070777379235836e-01	1.292684697043513076e+00	4.616696143796388818e-01
-1.709969459080494247e-01	5.372993129553886860e-01	-4.192999896606788846e-01	1.292686133993044884e+00	4.616694801470569987e-01
-1.710366146035431356e-01	5.372748392029578213e-01	-4.192887448927949401e-01	1.292693101287164303e+00	4.616614258811495008e-01
-1.710858662844020606e-01	5.372359820033510980e-01	-4.192964590272591496e-01	1.292693990140041160e+00	4.616701130484188731e-01
-1.710698339504181653e-01	5.372499480123599236e-01	-4.192973873743509605e-01	1.292689351866933789e+00	4.616714707546168972e-01
-1.710540548462044508e-01	5.372669580357011254e-01	-4.192901135001953494e-01	1.292685236477371546e+00	4.616594209967166962e-01
-1.709984776955325581e-01	5.373422302585902921e-01	-4.192926980286534322e-01	1.292674639648601964e+00	4.616610087686212061e-01
-1.710071540499601139e-01	5.373009410054767621e-01	-4.192873472382359634e-01	1.292684969209027201e+00	4.616472551344100173e-01
-1.710288602736246277e-01	5.372525043543457945e-01	-4.192905242838640967e-01	1.292684412309591302e+00	4.616677292071428851e-01
-1.710418563230988731e-01	5.372820589288306303e-01	-4.193275830806403315e-01	1.292688080070028223e+00	4.616688193571409360e-01
-1.709987516473391034e-01	5.373057547025358316e-01	-4.193095234014774242e-01	1.292682410278604088e+00	4.616750740830554145e-01
-1.710901794324792280e-01	5.372718627494398325e-01	-4.192988479853349548e-01	1.292694004182749934e+00	4.616837177037225182e-01
-1.709436398048169159e-01	5.372241270390122336e-01	-4.192914343929628473e-01	1.292691506614446428e+00	4.616672079869216794e-01
-1.710531091500372969e-01	5.372806048571022730e-01	-4.192882806535582763e-01	1.292716246434536309e+00	4.616881642424001120e-01
-1.710421209777819029e-01	5.372400773082837144e-01	-4.193016998605758050e-01	1.292685881496443479e+00	4.616685099342023868e-01
-1.710318651863277639e-01	5.371950644674893249e-01	-4.192822539018752348e-01	1.292680939474443846e+00	4.616671920200947632e-01
-1.710438698569191618e-01	5.372577639235692759e-01	-4.192978050495951847e-01	1.292716426571133281e+00	4.616464749620065589e-01
-1.709568595173047989e-01	5.372545110001554214e-01	-4.193082086531819130e-01	1.292680159864660228e+00	4.616704426616927703e-01
-1.710640697061679982e-01	5.372697604931069293e-01	-4.192979382634300922e-01	1.292682886303988532e+00	4.616697352512273977e-01
-1.709786429343359282e-01	5.372379240441902404e-01	-4.192844116501742713e-01	1.292700732259785878e+00	4.617179308694022710e-01
-1.710159406676809990e-01	5.373264456523909605e-01	-4.193012504377815475e-01	1.292695820715803690e+00	4.616618016411228043e-01
-1.709961464553513277e-01	5.372420502471733084e-01	-4.192743049094178054e-01	1.292685634712737563e+00	4.616688027952028373e-01
-1.710775662140821551e-01	5.372529392782124935e-01	-4.192928467124550362e-01	1.292684946643602784e+00	4.616629231686846246e-01
-1.709991802220946766e-01	5.372425243981202581e-01	-4.193052759492180703e-01	1.292679626596658471e+00	4.616668391991834430e-01
-1.710260302564817481e-01	5.372202195367242750e-01	-4.192819806510917346e-01	1.292684617389542767e+00	4.616696199297024572e-01
-1.710290606142994552e-01	5.372596178011799228e-01	-4.193000413598341192e-01	1.292684667091551498e+00	4.616696106732039451e-01
-1.709834539800573205e-01	5.372566739289795779e-01	-4.193062855698420077e-01	1.292684681042122419e+00	4.616674276040122482e-01
-1.711172273546689993e-01	5.372492772302039921e-01	-4.192997921872403388e-01	1.292683008393403998e+00	4.616692169290362857e-01
-1.709912674513670294e-01	5.372621377465097714e-01	-4.193079404113559394e-01	1.292683792333503057e+00	4.616280505248621657e-01
-1.710124428319279577e-01	5.372747574419861616e-01	-4.193119696553173625e-01	1.292689304486673407e+00	4.616649377818008437e-01
-1.710242283779006833e-01	5.372621427046285758e-01	-4.193010883160387947e-01	1.292687678135270968e+00	4.616695304651111664e-01
-1.710292643870959250e-01	5.372661903103880254e-01	-4.193063160198277628e-01	1.292687189952824500e+00	4.616474345925389300e-01
-1.710444415969734622e-01	5.372647381268863542e-01	-4.193075994173307564e-01	1.292725212368231791e+00	4.616534067325124835e-01
-1.710243281123987880e-01	5.371755948505692047e-01	-4.193306508370245322e-01	1.292689890882238180e+00	4.616405066528841972e-01
-1.710016098750257729e-01	5.372561969800800918e-01	-4.193151488107911828e-01	1.292722306683324440e+00	4.616721408734033028e-01
-1.710613181832301433e-01	5.372702228364861776e-01	-4.193216244273721416e-01	1.292692984016555302e+00	4.616695490087394660e-01
-1.710429371859493730e-01	5.372620974093036406e-01	-4.192996949646702887e-01	1.292684693281374475e+00	4.616705496049746116e-01
-1.710804784597094730e-01	5.372685655001775418e-01	-4.193016860277502533e-01	1.292676380103624734e+00	4.616773657248597895e-01
-1.710441550728715177e-01	5.372681368025147286e-01	-4.192838440984431037e-01	1.292681820811561355e+00	4.616691886902359321e-01
-1.710131335318954005e-01	5.371719453929816313e-01	-4.193008766455100234e-01	1.292680495723026901e+00	4.616702796497533234e-01
-1.709896558279544176e-01	5.372460622742011305e-01	-4.192979482940699665e-01	1.292669629310446267e+00	4.616693114514752172e-01
-1.710385472015623631e-01	5.372076212173810816e-01	-4.192941014672785793e-01	1.292687038950006029e+00	4.616660997825822732e-01
-1.709568710014900406e-01	5.372699465726789025e-01	-4.192994137111995534e-01	1.292668756661867313e+00	4.616757859028212674e-01
-1.710598374140817057e-01	5.372461241837025447e-01	-4.192944639654856420e-01	1.292688096802244502e+00	4.616691189528725481e-01
-1.710649438844226988e-01	5.372628919624248267e-01	-4.193024818827029709e-01	1.292684213934240489e+00	4.616705121033294335e-01
-1.710432667446677435e-01	5.372459252098876759e-01	-4.193130058954478434e-01	1.292676737203170223e+00	4.616593211297118637e-01
-1.711125979761199400e-01	5.372543109224491298e-01	-4.193035742762492579e-01	1.292684784224944261e+00	4.616681621681270609e-01
-1.710077436469869538e-01	5.373262005148330411e-01	-4.193137299696624298e-01	1.292697298977556475e+00	4.616849291307146830e-01
-1.710376146937913344e-01	5.372554825219025831e-01	-4.192855471380005361e-01	1.292685988708808020e+00	4.616532975213726853e-01
-1.710601166718617450e-01	5.373042688140551304e-01	-4.192942937811160453e-01	1.292698297719043987e+00	4.616739233237330819e-01
-1.709497361590871789e-01	5.372617250599939220e-01	-4.192998191070260727e-01	1.292683365878582569e+00	4.616703140542769979e-01
-1.710847116427266501e-01	5.372603792468760853e-01	-4.193160206557401404e-01	1.292696968870774343e+00	4.616994957096690610e-01
-1.709673804421554810e-01	5.372783463783539215e-01	-4.193012701828814359e-01	1.292684820299437654e+00	4.616686214866716487e-01
-1.710624418744569608e-01	5.372854515535611108e-01	-4.192865989887104017e-01	1.292693947016019029e+00	4.616703261139812886e-01
-1.710863337219294400e-01	5.372623620203239581e-01	-4.192643388027896267e-01	1.292682330403423618e+00	4.616688063157851629e-01
-1.710288477622290138e-01	5.372799053312494744e-01	-4.193067670995413443e-01	1.292662335653536942e+00	4.616696665048010684e-01
-1.710276968705194134e-01	5.372528175420575591e-01	-4.192976018797366367e-01	1.292665306372497103e+00	4.616687473576161493e-01
-1.709672062528021508e-01	5.372733051579826613e-01	-4.192777780983479863e-01	1.292681049294600593e+00	4.616709662126035618e-01
-1.710622226520671640e-01	5.372576750583548666e-01	-4.192617867491732486e-01	1.292685679650671382e+00	4.616922222390479336e-01
-1.710289377834642577e-01	5.373207766991144885e-01	-4.193013574532087895e-01	1.292648935183444037e+00	4.616419630079360847e-01
-1.710257122154053289e-01	5.372621894636210316e-01	-4.192908894170515044e-01	1.292697184564599144e+00	4.616950888925928642e-01
-1.710650304395070764e-01	5.372394629859494897e-01	-4.193032000526247804e-01	1.292707044988947951e+00	4.616665382963074937e-01
-1.710051570188870496e-01	5.372918146960360408e-01	-4.192997346988152074e-01	1.292682799411989159e+00	4.616392232909025117e-01
-1.710273657940652448e-01	5.372616881760325924e-01	-4.193041525060044461e-01	1.292678728464546456e+00	4.617178567617554186e-01
-1.709333382970309456e-01	5.372605116412949577e-01	-4.193136898754872277e-01	1.292684700375526852e+00	4.616737966382781777e-01
-1.709408924403212349e-01	5.372539525313705377e-01	-4.192792001664357171e-01	1.292682109508448196e+00	4.616706287553946630e-01
-1.710246767186683059e-01	5.372615757283859539e-01	-4.192949607657415201e-01	1.292694524600148664e+00	4.616573255815904497e-01
-1.710980719214485746e-01	5.372664238481081878e-01	-4.192959500255092897e-01	1.292683352096229754e+00	4.616520806098019514e-01
-1.710362491202539748e-01	5.372901933202326452e-01	-4.193553667557508580e-01	1.292706061718195798e+00	4.616764669242284236e-01
-1.710364486657994232e-01	5.372605154081626644e-01	-4.193005436078412473e-01	1.292679292881799613e+00	4.616707315291092018e-01
-1.710254868761969527e-01	5.372755070025777568e-01	-4.192953491136616195e-01	1.292684779471708456e+00	4.616695852438738035e-01
-1.710725508754791513e-01	5.372622535991193882e-01	-4.193008112557259359e-01	1.292684321718303053e+00	4.616712021166399782e-01
-1.710648031548478998e-01	5.373226630596600328e-01	-4.192940336007127677e-01	1.292684680839714551e+00	4.616742065177935062e-01
-1.710161844916579799e-01	5.372283545184198816e-01	-4.192672845788009139e-01	1.292684747799424327e+00	4.616760537863546232e-01
-1.710486133573265177e-01	5.372593142657711152e-01	-4.193010191491293726e-01	1.292684706689622542e+00	4.616701887413455219e-01
-1.709950883733442339e-01	5.372591644624618024e-01	-4.193181660559793245e-01	1.292686455271647494e+00	4.616591145195662049e-01
-1.710622964591697048e-01	5.372444594498620996e-01	-4.192976051832374429e-01	1.292680550421340113e+00	4.616625038697818040e-01
-1.710717582587239771e-01	5.372914451132166924e-01	-4.193367854881481227e-01	1.292686529347496727e+00	4.616651361228729655e-01
-1.710459537668990171e-01	5.372618514100668818e-01	-4.192958693585835395e-01	1.292682139163382260e+00	4.616699184763966568e-01
-1.710519493781172129e-01	5.372668966659360779e-01	-4.193027760886968713e-01	1.292691098738653732e+00	4.616694725072434946e-01
-1.710307776362882115e-01	5.372439874713472729e-01	-4.193390429622479987e-01	1.292685893168359357e+00	4.616652763097998102e-01
-1.709976105502015731e-01	5.373269843313595029e-01	-4.192871162017809961e-01	1.292686866424280101e+00	4.616620628191930864e-01
-1.709818424829511740e-01	5.372118919347992350e-01	-4.193032605692529335e-01	1.292688818106965787e+00	4.616209159219249458e-01
-1.710521852329871251e-01	5.373069743249572205e-01	-4.192996732917816383e-01	1.292682734257645683e+00	4.616684112306955190e-01
-1.710872962201862302e-01	5.372763633793370408e-01	-4.193117546332277845e-01	1.292682493102049746e+00	4.616694156100090152e-01
-1.711050637385272410e-01	5.372652376292875731e-01	-4.193011385959647952e-01	1.292685167737264829e+00	4.616700566455734234e-01
-1.710790572654549979e-01	5.372663044749744765e-01	-4.192995515343483359e-01	1.292682918229118627e+00	4.616702405255023733e-01
-1.710211881500495745e-01	5.371929584036547745e-01	-4.192925836779957671e-01	1.292684743980204054e+00	4.616676422284701209e-01
-1.710626284605647196e-01	5.372619740673236777e-01	-4.192561338967967788e-01	1.292669888846113446e+00	4.616641150637848523e-01
-1.710201931796989927e-01	5.372084490344575247e-01	-4.192960453203044557e-01	1.292683638849061012e+00	4.616662041691620977e-01
-1.710045975932612539e-01	5.372134947337358080e-01	-4.193576113670524630e-01	1.292680373678186667e+00	4.616689972982533363e-01
-1.709375332910860190e-01	5.372581624787821086e-01	-4.192997891398662635e-01	1.292684836367844703e+00	4.616695815979257600e-01
-1.710439447232903198e-01	5.372629849799308577e-01	-4.192705539733763698e-01	1.292682769513711749e+00	4.616699595919470100e-01
-1.711121297320558621e-01	5.372622282248499248e-01	-4.193015260159171365e-01	1.292676634689813531e+00	4.616786331948692923e-01
-1.710529399062508116e-01	5.373256249647404559e-01	-4.192843090631344083e-01	1.292684664259909466e+00	4.616740492001257246e-01
-1.710733268971943721e-01	5.372690646264588477e-01	-4.192741348742335394e-01	1.292681128119592904e+00	4.617037249297860635e-01
-1.710155884639195656e-01	5.372292828821217947e-01	-4.193177495525439169e-01	1.292645890101138173e+00	4.616698554675798261e-01
-1.710079884512341886e-01	5.371930400651959703e-01	-4.192959018350678746e-01	1.292688295553243494e+00	4.616678300091480724e-01
-1.710230144168977950e-01	5.372517033215112869e-01	-4.193620558066933346e-01	1.292718462106279054e+00	4.616577156774175905e-01
-1.709891899904369961e-01	5.372546144510536026e-01	-4.192895608135921437e-01	1.292690915480371183e+00	4.616987125640905076e-01
-1.709788617062479310e-01	5.372794835389842483e-01	-4.193091483196992320e-01	1.292688646503286520e+00	4.616707964829707689e-01
-1.709825740833921248e-01	5.372323731583881212e-01	-4.193333980847558928e-01	1.292695309259332292e+00	4.616650201120327535e-01
-1.710544277134300739e-01	5.372218311993975925e-01	-4.193024305753259018e-01	1.292726821282050409e+00	4.616641069199232117e-01
-1.710227638535856132e-01	5.372368950538635168e-01	-4.192798412021179200e-01	1.292670245328753520e+00	4.616578896930849107e-01
-1.710439008878630041e-01	5.371958230702303938e-01	-4.193167598257363515e-01	1.292679636626348660e+00	4.616455525963141793e-01
-1.710592599578446560e-01	5.372609147651922212e-01	-4.192888816337259628e-01	1.292685017358418342e+00	4.616751828067390262e-01
-1.709992616046088765e-01	5.372620178887089759e-01	-4.193006283870208128e-01	1.292686440879395215e+00	4.616692793734653577e-01
-1.710416956536264521e-01	5.372507958605257095e-01	-4.192924840372335704e-01	1.292674943071758786e+00	4.616669279858587327e-01
-1.710249789041031199e-01	5.372336115832383463e-01	-4.192985338734349643e-01	1.292664951413685648e+00	4.616787775061287347e-01
-1.710234308232076728e-01	5.372703110811161142e-01	-4.193333910301365597e-01	1.292680256910806458e+00	4.616773614119649705e-01
-1.710236541721883441e-01	5.373134284385669979e-01	-4.193341884109599293e-01	1.292697897784960803e+00	4.616739774291259146e-01
-1.710318864991006438e-01	5.372943213489604908e-01	-4.193003642231354355e-01	1.292684713771251603e+00	4.616698529949692653e-01
-1.710366664167890238e-01	5.372624084318023963e-01	-4.193100841193116435e-01	1.292706050711100563e+00	4.616671100599936128e-01
-1.710875675799894413e-01	5.372864996045879638e-01	-4.192803477514538968e-01	1.292687308310239702e+00	4.616682427482964868e-01
-1.710478312750101093e-01	5.372441712816401482e-01	-4.192915111221656166e-01	1.292677881164296050e+00	4.616858337087401676e-01
-1.710505300249094973e-01	5.372534670447377536e-01	-4.192999117881855975e-01	1.292684036000617986e+00	4.616699707911828821e-01
-1.710082126360052690e-01	5.372491200245360643e-01	-4.192967745928675716e-01	1.292624830159352367e+00	4.616316283574071755e-01
-1.710202205274304887e-01	5.372027398461109993e-01	-4.192796484166655957e-01	1.292699060927410493e+00	4.616451589325419325e-01
-1.710544739608190201e-01	5.372897205562909839e-01	-4.192826792905098299e-01	1.292679802047653981e+00	4.616679416510536815e-01
-1.710502671539669561e-01	5.372263673449891863e-01	-4.193161887024298706e-01	1.292659643000210412e+00	4.616653033857655020e-01
-1.709285804277447807e-01	5.372452011000538041e-01	-4.192947458861001619e-01	1.292682030011200300e+00	4.616713114470947232e-01
-1.709681722308166729e-01	5.372696230707058040e-01	-4.193000804713830076e-01	1.292684108385538932e+00	4.616695128076577781e-01
-1.710231780723304729e-01	5.372629276466014403e-01	-4.192871312174512033e-01	1.292677816849226780e+00	4.616689837068491675e-01
-1.710484706336631022e-01	5.372681030874634223e-01	-4.192735245983551517e-01	1.292701397027649080e+00	4.616730933450902685e-01
-1.709797013611833727e-01	5.372545629900539188e-01	-4.192516495835603152e-01	1.292675920686896074e+00	4.616717117591842001e-01
-1.710513426096597622e-01	5.372699863759763383e-01	-4.193033336937275202e-01	1.292684600446773358e+00	4.616693547439436052e-01
-1.709379613733064684e-01	5.372777763831293463e-01	-4.193010336920098835e-01	1.292684462933772593e+00	4.616710470917401721e-01
-1.710147281205141589e-01	5.372994242175979096e-01	-4.193034068373435175e-01	1.292701874862464351e+00	4.616763812705270698e-01
-1.710003134847959683e-01	5.371969053005543060e-01	-4.193201416683439708e-01	1.292686684884739590e+00	4.616691009231145837e-01
-1.709710089501941810e-01	5.372647029780128758e-01	-4.193003308723302625e-01	1.292686699841578246e+00	4.616683760831761796e-01
-1.710248511799197235e-01	5.372491568605792800e-01	-4.193005679459188562e-01	1.292681016536952443e+00	4.616733860240775922e-01
-1.710657631446176608e-01	5.372596772682142197e-01	-4.192703390861823309e-01	1.292678392700923995e+00	4.617079805856175168e-01
-1.710349078950028079e-01	5.372758860633189970e-01	-4.192983398731556788e-01	1.292684971966030272e+00	4.616703603690984759e-01
-1.710894288679372932e-01	5.372428134661895172e-01	-4.193013650711035489e-01	1.292684582921439951e+00	4.616695967360267550e-01
-1.709966216495243108e-01	5.372636075299863645e-01	-4.192939574729192542e-01	1.292675574753371803e+00	4.616772106608930115e-01
-1.711031019231589734e-01	5.372550351707414684e-01	-4.192961513014916153e-01	1.292679172095124951e+00	4.616703772838316455e-01
-1.710223461969311853e-01	5.372062673684027123e-01	-4.193322274645944758e-01	1.292658696584690681e+00	4.616619759854733163e-01
-1.710224657311467666e-01	5.373177382986911166e-01	-4.192322443627291562e-01	1.292689286209141919e+00	4.616572721987519112e-01
-1.710328016472737189e-01	5.372760518726151791e-01	-4.192764171857060740e-01	1.292704424072903313e+00	4.616932083850085466e-01
-1.710241695590768440e-01	5.372619390928872196e-01	-4.192976611647690199e-01	1.292685266490445573e+00	4.616694958666308635e-01
-1.710148671195328152e-01	5.372619473556642378e-01	-4.192986039806607113e-01	1.292682531798003076e+00	4.616726116207819919e-01
-1.710200717223510081e-01	5.372559239919356688e-01	-4.192639375481931885e-01	1.292677642324724152e+00	4.616665547909318268e-01
-1.710946018141246139e-01	5.372484049634481673e-01	-4.192789533923450551e-01	1.292679463106680249e+00	4.616737016022254836e-01
-1.709730219530732620e-01	5.372648112177271784e-01	-4.192976905344065197e-01	1.292721258465105549e+00	4.617140475520130627e-01
-1.710391383681995892e-01	5.372628774974469446e-01	-4.193654358916377722e-01	1.292683475894697898e+00	4.616651672467482204e-01
-1.710013997224740789e-01	5.372630533518621965e-01	-4.192990787275606146e-01	1.292684224585482156e+00	4.616693338383293654e-01
-1.709723757361597540e-01	5.372605991594157082e-01	-4.192998398478349209e-01	1.292684702092686155e+00	4.616695544983998589e-01
-1.710617888447043267e-01	5.372473643445845326e-01	-4.192999716208961614e-01	1.292684771654436737e+00	4.616721197865214510e-01
-1.709264365097720173e-01	5.372720590485544623e-01	-4.193005680582190253e-01	1.292693738973377471e+00	4.616716198024998774e-01
-1.710515294557239108e-01	5.372648563642832276e-01	-4.192632686623592453e-01	1.292685124013300380e+00	4.616719925000634106e-01
-1.710839363433886984e-01	5.372633091027994023e-01	-4.192997211467091589e-01	1.292684699609632393e+00	4.616695521673557234e-01
-1.709718169285590339e-01	5.372703928173204746e-01	-4.192928695193773314e-01	1.292694507262017289e+00	4.616330797453579438e-01
-1.710687986793907045e-01	5.372577788424528489e-01	-4.193237281529105798e-01	1.292664649345882655e+00	4.616651310075403081e-01
-1.710224139640705576e-01	5.372709996853303194e-01	-4.192996956835712274e-01	1.292703762916676435e+00	4.616746508249626735e-01
-1.710294120696045361e-01	5.372734960246916547e-01	-4.193705910543695792e-01	1.292683885570677482e+00	4.616584949338938260e-01
-1.709876897705330245e-01	5.372507344943786567e-01	-4.193107876958595548e-01	1.292737555003056649e+00	4.616597744197238895e-01
-1.710315267955758722e-01	5.372662031717505560e-01	-4.192999398065024308e-01	1.292684741053903519e+00	4.616695793104239609e-01
-1.710232312396337828e-01	5.372590610732529415e-01	-4.193828093097771159e-01	1.292676589056267034e+00	4.616707555697087129e-01
-1.710628347329289922e-01	5.372647401256436250e-01	-4.192550106857667047e-01	1.292684999703656912e+00	4.616644239978882069e-01
-1.710251447635408040e-01	5.372722478972102866e-01	-4.192530936018546983e-01	1.292674795049243874e+00	4.616966472672537347e-01
-1.710384237105621874e-01	5.373006374770552540e-01	-4.192930839580081281e-01	1.292662054032388097e+00	4.616811644305420237e-01
-1.709858592435826996e-01	5.373304648952207385e-01	-4.193157298926422083e-01	1.292683963054055196e+00	4.616701082456755589e-01
-1.710184055837832284e-01	5.372607140876470844e-01	-4.193055514187088995e-01	1.292691256620460916e+00	4.616668175592125722e-01
-1.710367345033028397e-01	5.373192512862113857e-01	-4.193046321607656335e-01	1.292730570920256117e+00	4.616691062449839178e-01
-1.710755397005954137e-01	5.372737877757124414e-01	-4.193053613748232156e-01	1.292686511582648690e+00	4.616657590203042116e-01
-1.710342413576422249e-01	5.372319785567538641e-01	-4.192825133143462946e-01	1.292736913929466880e+00	4.616651667808120418e-01
-1.710060415067179984e-01	5.372466195537810574e-01	-4.192538210017486833e-01	1.292680545653880131e+00	4.616691900689280370e-01
-1.710337660057820452e-01	5.372463400109968035e-01	-4.193285344449115826e-01	1.292681220284004118e+00	4.617166104515733061e-01
-1.710121801681547260e-01	5.372839067226711229e-01	-4.192833911308247452e-01	1.292683500609091540e+00	4.616621899846694577e-01
-1.709412269979803667e-01	5.372622737232459755e-01	-4.193028364182092016e-01	1.292685007282155851e+00	4.616695285840008989e-01
-1.710962426466215158e-01	5.372630859958316130e-01	-4.192990593301736402e-01	1.292689676353236505e+00	4.616656016318131939e-01
-1.709691485890887930e-01	5.372578465264009617e-01	-4.192926155655705145e-01	1.292685147318323624e+00	4.616691699625420919e-01
-1.710259541416403462e-01	5.372949732659226818e-01	-4.192987225690665287e-01	1.292695548685350193e+00	4.616695572216547028e-01
-1.709360144496707978e-01	5.372657202154728084e-01	-4.193118376520779678e-01	1.292699950110918872e+00	4.616691499323640757e-01
-1.710256497161389000e-01	5.373355963915695810e-01	-4.193081532980973969e-01	1.292692420626298633e+00	4.616703875962110404e-01
-1.710494993841225053e-01	5.372455547672145837e-01	-4.192981046457929795e-01	1.292690995461698966e+00	4.616933144392435517e-01
-1.710205492405861005e-01	5.373448001281168063e-01	-4.192946416253261477e-01	1.292672634183536617e+00	4.616760090764840396e-01
-1.709891650666219565e-01	5.373055408050859683e-01	-4.192641477876030143e-01	1.292693094941247622e+00	4.616718553545405834e-01
-1.710513233580377157e-01	5.372566655292059234e-01	-4.193070000813768905e-01	1.292682843408961446e+00	4.616993986959790353e-01
-1.710220966888834349e-01	5.372789182470328884e-01	-4.193136589561213823e-01	1.292684614704441293e+00	4.616707600319643889e-01
-1.709988924894429163e-01	5.372559113877307668e-01	-4.193212604612436833e-01	1.292688180781414564e+00	4.616692950475155266e-01
-1.710237467091234864e-01	5.372260780425162086e-01	-4.192999253710681939e-01	1.292683906683158801e+00	4.616671457249088562e-01
-1.709878109136751534e-01	5.372515668359042484e-01	-4.192997153273688160e-01	1.292684758417997681e+00	4.616698395395056886e-01
-1.710248937383434531e-01	5.373114738746832542e-01	-4.193267754724563923e-01	1.292674039348212123e+00	4.616528491294987768e-01
-1.710147499304384144e-01	5.372469911086685812e-01	-4.193531994324122825e-01	1.292665974397776196e+00	4.616658288192236337e-01
-1.710242650257522978e-01	5.372994077629493770e-01	-4.193131402756250514e-01	1.292679409675226765e+00	4.617354804398613455e-01
-1.710243988896416045e-01	5.372495242292233408e-01	-4.192705105658753317e-01	1.292679858863823750e+00	4.616763888061084509e-01
-1.710205868629360582e-01	5.372538756795874892e-01	-4.193073613470172378e-01	1.292684241946072676e+00	4.616707506178448495e-01
-1.710473056802284675e-01	5.372300116817113613e-01	-4.192896020101835042e-01	1.292684730825615524e+00	4.616696304558337016e-01
-1.710294846086687359e-01	5.372459175560202471e-01	-4.192972804155155053e-01	1.292683569159143175e+00	4.616676608622815037e-01
-1.709676635446310544e-01	5.372594459317049376e-01	-4.192939465699626611e-01	1.292689850426652409e+00	4.616666716807222293e-01
-1.710215167632738176e-01	5.373352358473220125e-01	-4.192981979800713410e-01	1.292685134934178359e+00	4.616695212735409393e-01
-1.710206997723317246e-01	5.372654068286942808e-01	-4.192394175827555136e-01	1.292686040866736219e+00	4.616695538374143148e-01
-1.709654630317712642e-01	5.372580950703244040e-01	-4.192742225906090359e-01	1.292684462223015140e+00	4.616727342476246720e-01
-1.710225670891604433e-01	5.372720988539794185e-01	-4.192215121727289606e-01	1.292667616479529658e+00	4.616607949661913346e-01
-1.710623276362995271e-01	5.372415059640770485e-01	-4.192679910878073790e-01	1.292674902543703652e+00	4.616683769295326090e-01
-1.710369311312037732e-01	5.373154777146582628e-01	-4.193154244663964691e-01	1.292684114162784947e+00	4.616693581124270973e-01
-1.709738298138427925e-01	5.372635662052316352e-01	-4.193394429767112741e-01	1.292684018259193435e+00	4.616665487381243493e-01
-1.709995903410054807e-01	5.371813594882942633e-01	-4.192998378120347813e-01	1.292688800006075667e+00	4.616666965356477359e-01
-1.709672651828010592e-01	5.372087494378077199e-01	-4.192732018452350884e-01	1.292679822123091737e+00	4.616703555849533958e-01
-1.710150786852954186e-01	5.372690469144211223e-01	-4.193012063708919657e-01	1.292689064940801602e+00	4.616300829102252812e-01
-1.710526680573326297e-01	5.372096484640337399e-01	-4.192405486196990605e-01	1.292670931691549230e+00	4.616732684783680929e-01
-1.710702611012596686e-01	5.372566544554510104e-01	-4.193000896513789932e-01	1.292683784279934800e+00	4.616733913071504047e-01
-1.709848439726135982e-01	5.372909059146150357e-01	-4.192866714490925406e-01	1.292722616619889076e+00	4.616634821408630573e-01
-1.710322719427825600e-01	5.373303880798040444e-01	-4.193202313510507317e-01	1.292684666623328704e+00	4.616722242096973905e-01
-1.710054573602850236e-01	5.372559384933577320e-01	-4.192990831815997521e-01	1.292685222794487609e+00	4.616693752550841134e-01
-1.710647959745127955e-01	5.372489085483710403e-01	-4.193092852086828803e-01	1.292684773057287240e+00	4.616697151614104211e-01
-1.709953191757181967e-01	5.373266895639098317e-01	-4.193077365109585952e-01	1.292669071684713344e+00	4.616612609740767259e-01
-1.710535617650678908e-01	5.372587861935734788e-01	-4.193000781627099771e-01	1.292684308230895862e+00	4.616696045201913456e-01
-1.710142923631474965e-01	5.372626468485237616e-01	-4.193004297789990620e-01	1.292684884163280090e+00	4.616696239253001988e-01
-1.710144261386410958e-01	5.371946429609084639e-01	-4.193103986134505967e-01	1.292683902378566563e+00	4.616691207185090740e-01
-1.710334493643092535e-01	5.372924152165107214e-01	-4.192478007485869740e-01	1.292685393748138845e+00	4.617027852676707789e-01
-1.710350034270685382e-01	5.372463647036073153e-01	-4.193034326072281326e-01	1.292679664758075830e+00	4.616723276813409771e-01
-1.710394191166568212e-01	5.372446322746009528e-01	-4.193216182639840084e-01	1.292706972001261168e+00	4.616712079263798341e-01
-1.709738363112320025e-01	5.372863899953156386e-01	-4.192932634527455904e-01	1.292681284336508085e+00	4.616718796791317025e-01
-1.710238654926764801e-01	5.372060382189831618e-01	-4.192837233370332872e-01	1.292629631879010477e+00	4.616385207927065637e-01
-1.710198228512392060e-01	5.372654719703390258e-01	-4.192818773219499362e-01	1.292697562098381825e+00	4.616696855497837149e-01
-1.711130162972180346e-01	5.372713207915968958e-01	-4.192949031324693654e-01	1.292689448396984853e+00	4.616716687581364775e-01
-1.709741594635439954e-01	5.372568976563760756e-01	-4.193027658712114025e-01	1.292686472359258598e+00	4.616958243185473876e-01
-1.709998212292091757e-01	5.372470860173284013e-01	-4.193027520019970145e-01	1.292686145690254751e+00	4.616737549464517976e-01
-1.709995684239920266e-01	5.372762470363828813e-01	-4.193320361634962357e-01	1.292674310547379690e+00	4.616715772549141450e-01
-1.710480545369745808e-01	5.372551634098974294e-01	-4.192328495414383016e-01	1.292683792620918037e+00	4.616799936556878481e-01
-1.710226872398467601e-01	5.373414165807030018e-01	-4.193450704833821541e-01	1.292684451317159144e+00	4.616754618971365964e-01
-1.710318525682403279e-01	5.373067562493304417e-01	-4.192979987965885780e-01	1.292684716921165267e+00	4.616694008370754720e-01
-1.710305177853643221e-01	5.372876296544178976e-01	-4.192875668269242517e-01	1.292658775394232462e+00	4.617300361570477740e-01
-1.710075656035200953e-01	5.373141060834024652e-01	-4.193069606612096489e-01	1.292669233923464445e+00	4.616677063360755673e-01
-1.710923005557047349e-01	5.372557091226900505e-01	-4.192996477371290220e-01	1.292684623912890407e+00	4.616691648423717487e-01
-1.710136403668818528e-01	5.372756592207839077e-01	-4.193050191485990785e-01	1.292684294347143492e+00	4.616705324162044821e-01
-1.710115655610540408e-01	5.372998830128866699e-01	-4.193662516418192876e-01	1.292693716365061363e+00	4.616564332817076899e-01
-1.710037904283127352e-01	5.372319434372102576e-01	-4.192675992239327520e-01	1.292684804254813802e+00	4.616832217840193264e-01
-1.710488816066486895e-01	5.372421267419390523e-01	-4.193090342465081166e-01	1.292667782764140849e+00	4.616686814012124773e-01
-1.709890229714863541e-01	5.372734813235596762e-01	-4.193001968514176170e-01	1.292683784212158793e+00	4.616674850975661659e-01
-1.710513634068989153e-01	5.372268580059249565e-01	-4.193513589682472675e-01	1.292688846003870573e+00	4.616673229799734823e-01
-1.710215315677713344e-01	5.372766221084630534e-01	-4.192988227204109686e-01	1.292703901093146923e+00	4.616503812569480170e-01
-1.710779787602749735e-01	5.372926819942707155e-01	-4.192948712445404014e-01	1.292688233658794816e+00	4.616697497960267627e-01
-1.709832224523957778e-01	5.371936074741364697e-01	-4.192972615786667023e-01	1.292690548093637704e+00	4.616581100893512590e-01
-1.709940147997878468e-01	5.372576016791390519e-01	-4.192907771196020539e-01	1.292670822643853246e+00	4.617008302084921190e-01
-1.710400271561349494e-01	5.371947874382531074e-01	-4.192977897771131834e-01	1.292699884148747369e+00	4.616590042155893081e-01
-1.711187398185162745e-01	5.372626216859232029e-01	-4.193051892711349149e-01	1.292684356385291444e+00	4.616648274952369069e-01
-1.710064758306218957e-01	5.372589035629175003e-01	-4.192990801368554066e-01	1.292684934127341645e+00	4.616684224257270319e-01
-1.710314495272107771e-01	5.372658487893611223e-01	-4.193388985681704706e-01	1.292685384856526731e+00	4.616666529737418756e-01
-1.710239922124423828e-01	5.372832212294331722e-01	-4.193479453028781112e-01	1.292722389558190965e+00	4.616696149154758122e-01
-1.710251904038205817e-01	5.372648893271102510e-01	-4.192998247289380087e-01	1.292684091581573380e+00	4.616663224623713258e-01
-1.709256138502890654e-01	5.372623658784300149e-01	-4.192914407298729551e-01	1.292682670742241413e+00	4.616700598203260508e-01
-1.710849121113575677e-01	5.372705004747094781e-01	-4.192957069039762175e-01	1.292683147905290042e+00	4.616690398851828192e-01
-1.710842380981309196e-01	5.372522713188386811e-01	-4.192901980142045293e-01	1.292684840499257470e+00	4.616695466686890903e-01
-1.710461725807160549e-01	5.372831114374950756e-01	-4.193036268974502101e-01	1.292688713506774389e+00	4.616642310280702488e-01
-1.710106730225460503e-01	5.372393598874241061e-01	-4.193094283794724375e-01	1.292660298559010990e+00	4.616669569161620523e-01
-1.711016791190156650e-01	5.372699103013067745e-01	-4.192990810447209116e-01	1.292685410405528534e+00	4.616667208230358921e-01
-1.710334395682563402e-01	5.373291545626752708e-01	-4.193216702886266023e-01	1.292683832763363405e+00	4.616583203156620074e-01
-1.710187846798365552e-01	5.372582543247633735e-01	-4.193198472598971271e-01	1.292684407377721945e+00	4.616729784830481687e-01
-1.710038193971085696e-01	5.372564686019909441e-01	-4.192981078662146865e-01	1.292674753280009137e+00	4.616783408044657366e-01
-1.709849335710962592e-01	5.372650626209812819e-01	-4.193003358791511093e-01	1.292684077221782690e+00	4.616695396613938462e-01
-1.710929622381915371e-01	5.372501246706198330e-01	-4.193070557989670988e-01	1.292684810740783341e+00	4.616699132765666458e-01
-1.709655600416997989e-01	5.372159448493251110e-01	-4.192891849280981909e-01	1.292682501692183905e+00	4.616694912015900099e-01
-1.709844795021081554e-01	5.372653880530080528e-01	-4.193002125622961596e-01	1.292684940629724055e+00	4.616728987386175542e-01
-1.710623999478479706e-01	5.372402746521222072e-01	-4.193007864510953087e-01	1.292657628435658124e+00	4.616766830415416911e-01
-1.709866107910369970e-01	5.372556084810408139e-01	-4.192943124874204952e-01	1.292685149952597090e+00	4.616702802422171792e-01
-1.710123531148038667e-01	5.372642089966751522e-01	-4.193016794343867870e-01	1.292646205434281326e+00	4.616661511815698948e-01
-1.709446251165475938e-01	5.372599778063866793e-01	-4.193098605275061841e-01	1.292683603636647360e+00	4.616640759580144526e-01
-1.710025867000568300e-01	5.372442372359935714e-01	-4.192819921841439146e-01	1.292675248876050897e+00	4.616691537031399339e-01
-1.710795260510095395e-01	5.372511838568039266e-01	-4.193091568581869266e-01	1.292684821273784923e+00	4.616666561854582129e-01
-1.710304586087769141e-01	5.372715266868710593e-01	-4.193000253220658946e-01	1.292684953328217645e+00	4.616706583634570538e-01
-1.710943716858134289e-01	5.372584584904908089e-01	-4.192889111439456196e-01	1.292690390023755853e+00	4.616293865040719813e-01
-1.709885279774181199e-01	5.372421236003459555e-01	-4.192829928305406018e-01	1.292684526782962529e+00	4.616696334732681151e-01
-1.710255085092333982e-01	5.371682645789218613e-01	-4.193050380349480633e-01	1.292685609729529395e+00	4.616623878114387014e-01
-1.709795411344213201e-01	5.373259097294962316e-01	-4.193011327756543394e-01	1.292687937081734351e+00	4.616455929888397813e-01
-1.709931461333914493e-01	5.372372970096715994e-01	-4.193388976018588288e-01	1.292687875899002803e+00	4.616685599612007640e-01
-1.710142601662993089e-01	5.372150833397151271e-01	-4.193010818685767860e-01	1.292689258035013111e+00	4.616584407108578203e-01
-1.710799190966954264e-01	5.372628123086323759e-01	-4.193000886944122652e-01	1.292703055928993372e+00	4.616731929262741785e-01
-1.710121326797233998e-01	5.372584578663994748e-01	-4.192944652919259885e-01	1.292704667467392321e+00	4.616827246172980348e-01
-1.710095425162307392e-01	5.372620497087465807e-01	-4.193192369865816893e-01	1.292680031712182265e+00	4.616536287558454799e-01
-1.710113866795824888e-01	5.372606368799134335e-01	-4.193076732750275482e-01	1.292697247586743092e+00	4.616689059696344466e-01
-1.710744421646474833e-01	5.372652819476836372e-01	-4.192829501849194007e-01	1.292684898851582220e+00	4.616697745859957291e-01
-1.710992907827737497e-01	5.372639797582599019e-01	-4.192973706686479729e-01	1.292689328951928562e+00	4.616722528780055068e-01
-1.709565134001287678e-01	5.372443744120186659e-01	-4.192919246661095389e-01	1.292686545076630278e+00	4.616550495137793919e-01
-1.709318724427575098e-01	5.372628731916284650e-01	-4.193036183295262842e-01	1.292682545949557227e+00	4.616692594794916116e-01
-1.710258283077239760e-01	5.372304065342045076e-01	-4.192638653778480440e-01	1.292699431805337085e+00	4.616735565105931083e-01
-1.710214465903220071e-01	5.372522839406401740e-01	-4.192960028507626835e-01	1.292725232559138515e+00	4.616363070319582929e-01
-1.710118468112776513e-01	5.372643365679548033e-01	-4.193015206079535595e-01	1.292681427507280212e+00	4.616708906029791670e-01
-1.709871609526004421e-01	5.372607806595701696e-01	-4.192820859805378442e-01	1.292676940623226578e+00	4.617114569154950887e-01
-1.711105012119520929e-01	5.372894909846082090e-01	-4.192984197895488485e-01	1.292682658149243213e+00	4.616696914262889972e-01
-1.709760437822880896e-01	5.372614150561414448e-01	-4.192541187646707801e-01	1.292673265216737200e+00	4.616878405128729823e-01
-1.710635018174330724e-01	5.371969653459982563e-01	-4.192984604410955329e-01	1.292684239306394867e+00	4.616749508181677841e-01
-1.711055100243695504e-01	5.372660288936338402e-01	-4.193245896257688510e-01	1.292672429940412648e+00	4.616593623195112128e-01
-1.709418960593526160e-01	5.372611340645638833e-01	-4.192990165515044221e-01	1.292683432670148402e+00	4.616698046481094164e-01
-1.710757906194686484e-01	5.372600312512169074e-01	-4.193010817914977206e-01	1.292665798001416011e+00	4.616775321690468337e-01
-1.710239721174631466e-01	5.372996828281648707e-01	-4.193076451655786685e-01	1.292683859212724773e+00	4.616692193472115013e-01
-1.709854996130651672e-01	5.372659208647987406e-01	-4.193028332647863454e-01	1.292681018752375621e+00	4.616675876871141337e-01
-1.710164640264220937e-01	5.372161223547440301e-01	-4.192987921974879462e-01	1.292689509800215131e+00	4.616709357726740404e-01
-1.711042460751498739e-01	5.372586733095443545e-01	-4.193005227148994263e-01	1.292683715040644277e+00	4.616705539170758432e-01
-1.709929810432564146e-01	5.372620146623912074e-01	-4.193020205310045712e-01	1.292691018811606085e+00	4.616756847291995092e-01
-1.710154264692615722e-01	5.372784639952766783e-01	-4.192818258646881513e-01	1.292689401611101241e+00	4.616787692672573162e-01
-1.710304952573182824e-01	5.372938886943688930e-01	-4.192999931414787551e-01	1.292683400572417041e+00	4.616672718999030867e-01
-1.709295478398019097e-01	5.372658073230658360e-01	-4.193026912618620927e-01	1.292686945651318808e+00	4.616694550184499701e-01
-1.709988607206480715e-01	5.372620935513514606e-01	-4.192996364498763895e-01	1.292684753966179878e+00	4.616695799638587672e-01
-1.710097967256760110e-01	5.372502030149409746e-01	-4.193001817852067270e-01	1.292685402591015276e+00	4.616690541064778497e-01
-1.709846912831040622e-01	5.372646687527645737e-01	-4.193291670336282695e-01	1.292689491871720664e+00	4.616491340960959811e-01
-1.710205418034757563e-01	5.372698642180575579e-01	-4.193016244275640236e-01	1.292657331848030999e+00	4.616694884560076928e-01
-1.710396846854091712e-01	5.373069395271533599e-01	-4.192978177099410675e-01	1.292673552270274362e+00	4.616547827744398313e-01
-1.710954106800491592e-01	5.372838856319193113e-01	-4.192973174925113122e-01	1.292683011217771627e+00	4.616696285943072131e-01
-1.711150813738376020e-01	5.372652244728046700e-01	-4.193035271962313182e-01	1.292681159522718115e+00	4.616646955959198273e-01
-1.709456788374013325e-01	5.372687318767880305e-01	-4.192886966819768246e-01	1.292665935415636014e+00	4.616737414569603848e-01
-1.710047920595727522e-01	5.372626571427323583e-01	-4.193463410375805611e-01	1.292682339376910017e+00	4.616688625081000197e-01
-1.710568078543439063e-01	5.372741638283360377e-01	-4.192748742510876703e-01	1.292683501881829233e+00	4.616692527109205191e-01
-1.710640415588109142e-01	5.372807042570993952e-01	-4.193000234626916845e-01	1.292683099512058620e+00	4.616830220628770909e-01
-1.710222937572414281e-01	5.372027925571445373e-01	-4.192985560521461652e-01	1.292682068505225157e+00	4.616228748839569795e-01
-1.709431191371302561e-01	5.372512576492282088e-01	-4.192900737522405330e-01	1.292686293969613542e+00	4.616677967249612768e-01
-1.709825101417287163e-01	5.372168358260663856e-01	-4.193099575682700531e-01	1.292707415198928622e+00	4.616644981740472553e-01
-1.710271162349236984e-01	5.372691477781170732e-01	-4.192944109602525504e-01	1.292660613241666479e+00	4.616565816721792670e-01
-1.710681648337922800e-01	5.373150391703240825e-01	-4.193174694084840226e-01	1.292680505466441865e+00	4.616681089141444483e-01
