-4.070619733900396331e-01	7.568142478382491323e-01	-2.626275297135229891e-01	1.320061103382842438e+00	2.050065693944246592e-01
-4.070620708416576861e-01	7.567832400234092427e-01	-2.626348053351705847e-01	1.320100514238324418e+00	2.050231909014772758e-01
-4.071200268144691825e-01	7.568054518648087425e-01	-2.626318599101852835e-01	1.320120885689715529e+00	2.050245468271262583e-01
-4.070903554603280128e-01	7.567494092334873246e-01	-2.626728750620636599e-01	1.320122427857797875e+00	2.050239140629367962e-01
-4.070086151579415112e-01	7.567722352248783535e-01	-2.626352648348863617e-01	1.320121511401883163e+00	2.050246713927753039e-01
-4.070567805307458431e-01	7.568151620377455702e-01	-2.626089977506888551e-01	1.320095399328526042e+00	2.050206400676769514e-01
-4.070713100824374098e-01	7.568643538529449266e-01	-2.626424135306766328e-01	1.320117767784557472e+00	2.050473839472557180e-01
-4.070832659546166354e-01	7.568054838776695492e-01	-2.626258837207782193e-01	1.320165090187065182e+00	2.050613502990216996e-01
-4.070297193965591864e-01	7.568127929768744266e-01	-2.626203657920695989e-01	1.320136311396852502e+00	2.050082754111328676e-01
-4.071080251791900362e-01	7.568393292000747952e-01	-2.626698771332049431e-01	1.320120564113015149e+00	2.050305572915733232e-01
-4.071242250982289312e-01	7.568473798214973014e-01	-2.626352644390401170e-01	1.320121278477182747e+00	2.050252420929881136e-01
-4.070177141795003894e-01	7.568092815380896843e-01	-2.626313730849962891e-01	1.320121452771217951e+00	2.050255394097355577e-01
-4.070863639841226789e-01	7.568074506960791314e-01	-2.626541878952002307e-01	1.320124180226740274e+00	2.050288793491934491e-01
-4.070377067043940977e-01	7.567813324586496471e-01	-2.626450384215586187e-01	1.320111644645529880e+00	2.050251589674272346e-01
-4.070681178388914079e-01	7.568273551214294015e-01	-2.626434278985986803e-01	1.320134563376350156e+00	2.050245337384959121e-01
-4.070606444365525434e-01	7.568048695098649192e-01	-2.626119949164295586e-01	1.320115045750161364e+00	2.050208390522014201e-01
-4.070984716409540294e-01	7.567981840221631451e-01	-2.626360191509390929e-01	1.320123581649242261e+00	2.050225101025720809e-01
-4.070590163279044216e-01	7.568071334372917791e-01	-2.626309924936327533e-01	1.320120812522551645e+00	2.050248633388999375e-01
-4.070384471473577626e-01	7.567970200529080538e-01	-2.626188474191109012e-01	1.320121333830951649e+00	2.050214829012452500e-01
-4.071099662230163729e-01	7.568628807199044850e-01	-2.626350866657624628e-01	1.320121116447917187e+00	2.050294148509533010e-01
-4.070705782949640139e-01	7.568147261711288820e-01	-2.626060401409054945e-01	1.320138654116673971e+00	2.050270935260062044e-01
-4.070930828375182164e-01	7.567448020496391203e-01	-2.626387695326701799e-01	1.320122059484860388e+00	2.050233853266048012e-01
-4.070577856612515588e-01	7.568001467303091534e-01	-2.626340378543598475e-01	1.320120740706966167e+00	2.050288739831527263e-01
-4.070841344384727445e-01	7.568146802251980443e-01	-2.626072594258916371e-01	1.320086019567830560e+00	2.050260518095198548e-01
-4.071112824980393508e-01	7.568204753254271777e-01	-2.626895705977617679e-01	1.320135776842234376e+00	2.050344305751561347e-01
-4.070408520175047284e-01	7.568054699228399240e-01	-2.626336357496663609e-01	1.320121072769280701e+00	2.050248709623148646e-01
-4.071653781773461045e-01	7.568075669174311182e-01	-2.626332280500942029e-01	1.320102952133120899e+00	2.050308069403254385e-01
-4.070366909864866489e-01	7.568061636220643207e-01	-2.626307319469278756e-01	1.320121019889947123e+00	2.050261434146015416e-01
-4.070903164963601828e-01	7.567624966964328070e-01	-2.626573501857785709e-01	1.320102096701738725e+00	2.050437442478273420e-01
-4.070990980353603739e-01	7.568050951004885452e-01	-2.626136045087771320e-01	1.320120624248874552e+00	2.050249994656794805e-01
-4.071524645125665920e-01	7.568446329968480102e-01	-2.626279002745421365e-01	1.320122180464308403e+00	2.050247011985365797e-01
-4.071238390749769565e-01	7.567918607473980153e-01	-2.626383008589288082e-01	1.320121131225513444e+00	2.050249653881721368e-01
-4.071478293990967168e-01	7.568334368080549268e-01	-2.626326770653564791e-01	1.320120956908003240e+00	2.050319782906060428e-01
-4.070575960397068149e-01	7.568276679293917120e-01	-2.626230977919028486e-01	1.320120125334478312e+00	2.050249735285939179e-01
-4.070703350035527746e-01	7.568029386082255616e-01	-2.626304893370682847e-01	1.320146314572937740e+00	2.050386603646204564e-01
-4.070860189163381659e-01	7.568322012905130958e-01	-2.626428217389466524e-01	1.320167325640343226e+00	2.050083057789615637e-01
-4.070949985689897299e-01	7.567998514338171168e-01	-2.626301844134871222e-01	1.320078958830459559e+00	2.050229241583035322e-01
-4.071305390635988619e-01	7.568232078622735282e-01	-2.626320401004459404e-01	1.320154146277688234e+00	2.050263690601328292e-01
-4.070900624485414010e-01	7.568033799900448777e-01	-2.626286922538622615e-01	1.320125826281987935e+00	2.050496108077232704e-01
-4.071727487833957104e-01	7.567939084476439371e-01	-2.626561091092537437e-01	1.320127206687363719e+00	2.050281953449273331e-01
-4.070814761731865739e-01	7.568014768157270700e-01	-2.626300527696844300e-01	1.320133210134230906e+00	2.050378768533170637e-01
-4.071136316872068228e-01	7.568144697700912582e-01	-2.626286605045283773e-01	1.320124600096324929e+00	2.050244320443100621e-01
-4.071074187093441932e-01	7.567865754879308238e-01	-2.626815742505058116e-01	1.320121706496787839e+00	2.050290082481937837e-01
-4.070176621988100263e-01	7.568110916777184283e-01	-2.626101754107064146e-01	1.320153861009650820e+00	2.050397513431634622e-01
-4.071141754370439236e-01	7.568791338605530550e-01	-2.626316982380302312e-01	1.320125331889806519e+00	2.050245846713092124e-01
-4.070965299742495547e-01	7.568061974751875143e-01	-2.626529135403998794e-01	1.320112615987657501e+00	2.049636480727115018e-01
-4.070737020668850903e-01	7.568102605424811280e-01	-2.626248310076801928e-01	1.320083305068383117e+00	2.050248984293454868e-01
-4.070127276898254931e-01	7.567778939993600185e-01	-2.626316975159998512e-01	1.320122589151800918e+00	2.050276636405276021e-01
-4.070673365357251328e-01	7.567648521902747838e-01	-2.626326787874621038e-01	1.320121738146980972e+00	2.050248713579587156e-01
-4.070530976160565140e-01	7.568080846268498973e-01	-2.626275770419216893e-01	1.320118772473089175e+00	2.050200414450233100e-01
-4.071260247156534562e-01	7.568057050796306306e-01	-2.626320579942996170e-01	1.320155004409116817e+00	2.050133701618049864e-01
-4.070582665525089294e-01	7.567938406677524599e-01	-2.626259703794631140e-01	1.320121118768834645e+00	2.050250083898773890e-01
-4.070770990222519758e-01	7.567850426030381383e-01	-2.626230532449201349e-01	1.320119354365639097e+00	2.050365515029759500e-01
-4.071316644102840332e-01	7.568208886246409195e-01	-2.626311397003054937e-01	1.320137984454288649e+00	2.050303377218848644e-01
-4.070888569812916580e-01	7.567887260263155280e-01	-2.626316849741941462e-01	1.320121419597652057e+00	2.050254061878153677e-01
-4.070488584917597574e-01	7.568351695207243823e-01	-2.626308002873648517e-01	1.320120889661300145e+00	2.050245992940226969e-01
-4.070839632644268069e-01	7.567788023429213862e-01	-2.626382024372202473e-01	1.320121589898647807e+00	2.050249176851139943e-01
-4.070763285289018540e-01	7.568370666958200710e-01	-2.626469848720069944e-01	1.320099430472278845e+00	2.049975301237887959e-01
-4.071494165765201512e-01	7.567847250593626729e-01	-2.626133867419120360e-01	1.320111809102502587e+00	2.050239153011415849e-01
-4.071526023487760382e-01	7.568049225779183153e-01	-2.626339337456594092e-01	1.320120911693999144e+00	2.050248692651936711e-01
-4.070961788844925100e-01	7.568102237880105498e-01	-2.626332365528740720e-01	1.320118784716406202e+00	2.050300467962132833e-01
-4.070835532220494213e-01	7.568130591477068014e-01	-2.625575133347921586e-01	1.320122763921792286e+00	2.050256337369913417e-01
-4.070969584315691225e-01	7.567815856076139935e-01	-2.626443355690896153e-01	1.320089715970819366e+00	2.050422365466471053e-01
-4.071248818271532843e-01	7.568318657793124959e-01	-2.626316855300593334e-01	1.320120290928052942e+00	2.050213025147530344e-01
-4.070238212194020044e-01	7.568058182849843885e-01	-2.626492372492825189e-01	1.320118310502761627e+00	2.049967226382432284e-01
-4.070547666575980994e-01	7.567486594390787635e-01	-2.626343704581088345e-01	1.320126370069639510e+00	2.050151521575959701e-01
-4.070722202968621306e-01	7.567076879276062318e-01	-2.626343829642737160e-01	1.320118648862852462e+00	2.050257407504909868e-01
-4.071190299525505596e-01	7.568000722058622065e-01	-2.626530650600162331e-01	1.320167159752291486e+00	2.050462001845316795e-01
-4.070353379954624873e-01	7.567580097333997946e-01	-2.626484668448768600e-01	1.320115359923045073e+00	2.050239852255023865e-01
-4.070278299010663958e-01	7.567884347068805084e-01	-2.626697665225120604e-01	1.320136398824720780e+00	2.050165340199783248e-01
-4.070408089862752044e-01	7.567983492374555921e-01	-2.626358776927792404e-01	1.320116156233284377e+00	2.050248214592047813e-01
-4.070876090263835789e-01	7.567981107428746190e-01	-2.625695004507445640e-01	1.320134259492581341e+00	2.050148295055783387e-01
-4.071502777551301855e-01	7.568032893178406884e-01	-2.626363222428559907e-01	1.320119303533844990e+00	2.050192588061952592e-01
-4.071290198185542608e-01	7.568412032420165358e-01	-2.626362424157974718e-01	1.320150090281838162e+00	2.050162523697012240e-01
-4.070934621523139563e-01	7.568056801059287464e-01	-2.626307374681512430e-01	1.320121328920702553e+00	2.050233737853060512e-01
-4.070777509231257030e-01	7.567838395409867136e-01	-2.626426536432504566e-01	1.320109538361551760e+00	2.050409594266985325e-01
-4.071384065360037496e-01	7.568647708062171686e-01	-2.626651943016904411e-01	1.320121558986832255e+00	2.050248183700232041e-01
-4.070998931685541056e-01	7.567965117779291706e-01	-2.626903953916507883e-01	1.320119550113606932e+00	2.050250321327074798e-01
-4.071441358423423806e-01	7.567995354806885677e-01	-2.626299303939805818e-01	1.320124045018228109e+00	2.050246605158966007e-01
-4.070428400877436070e-01	7.568052079897474860e-01	-2.626316971855218729e-01	1.320121120825418437e+00	2.050250054935947586e-01
-4.070933127492541992e-01	7.568231566779998198e-01	-2.626276970411688394e-01	1.320121688363151025e+00	2.050263485744125425e-01
-4.070678738662790730e-01	7.567678124008802021e-01	-2.626305442056890427e-01	1.320125752469469615e+00	2.049740168764236370e-01
-4.070246326443980323e-01	7.568239870867576879e-01	-2.626215073994913052e-01	1.320127090570341721e+00	2.050410912904077620e-01
-4.070358040064211980e-01	7.568152757974562217e-01	-2.626424268920498628e-01	1.320121531155729278e+00	2.050251277406425765e-01
-4.070892589209188506e-01	7.567836955963402890e-01	-2.626164984014103809e-01	1.320134357792296154e+00	2.050152037186531995e-01
-4.070688903529227076e-01	7.567342309720774818e-01	-2.626316897186787291e-01	1.320094917255729916e+00	2.050104771379248902e-01
-4.070833846748757590e-01	7.568582910783985263e-01	-2.626470286487574968e-01	1.320119235167446003e+00	2.050238853090004809e-01
-4.070502293589960963e-01	7.568679488619153295e-01	-2.626188491573078765e-01	1.320123117563270831e+00	2.050296028500756818e-01
-4.070158411813245003e-01	7.568034310772784323e-01	-2.626363421813274202e-01	1.320122455690366348e+00	2.050256084921128763e-01
-4.070367935715141772e-01	7.568054803412361808e-01	-2.626372533880863558e-01	1.320115820454226263e+00	2.050253112905340291e-01
-4.071156363273995549e-01	7.567954079213647933e-01	-2.625941270800188909e-01	1.320125023321550906e+00	2.050260633670022425e-01
-4.070806762442193971e-01	7.568216676182201175e-01	-2.626318950342774183e-01	1.320120908063151965e+00	2.050252383634497688e-01
-4.070799130980750080e-01	7.567310901823607328e-01	-2.626246184552739060e-01	1.320104538937038496e+00	2.050205218609590097e-01
-4.070854428172855366e-01	7.568417712258551644e-01	-2.626375457274165992e-01	1.320121905064870704e+00	2.050258322449658444e-01
-4.070468048749539269e-01	7.568244797869266849e-01	-2.626692923839787919e-01	1.320113314723107223e+00	2.050235001637417398e-01
-4.070183697913949405e-01	7.567909275642482614e-01	-2.626189367460711188e-01	1.320101888561782788e+00	2.050191388528374570e-01
-4.071092471866718521e-01	7.568201760206966222e-01	-2.626725142727630580e-01	1.320122076365644714e+00	2.050250044136988359e-01
-4.070067291409805721e-01	7.567827053648769065e-01	-2.626284427322364001e-01	1.320122657599094085e+00	2.050304901052031059e-01
-4.070846680455890709e-01	7.567825680033755109e-01	-2.626394027591129610e-01	1.320115512942828584e+00	2.050293742061983782e-01
-4.070842496424009749e-01	7.568151155278394215e-01	-2.626308715202029243e-01	1.320127839180486484e+00	2.050030011862985224e-01
-4.070805591062364170e-01	7.568335681464839482e-01	-2.626114832154101131e-01	1.320095322935392446e+00	2.050368252191141216e-01
-4.069926368339114031e-01	7.568255661349581054e-01	-2.626295642577556322e-01	1.320118873419543704e+00	2.050340210579397471e-01
-4.071204863374971450e-01	7.568299802917249908e-01	-2.626328691528173609e-01	1.320120607670205226e+00	2.050121709821451921e-01
-4.070850108134982381e-01	7.567981522481397327e-01	-2.625755844675686790e-01	1.320119438772298093e+00	2.050217597509660650e-01
-4.071149282325911556e-01	7.567905632595006704e-01	-2.626321006920789292e-01	1.320122758110260142e+00	2.050308796118395782e-01
-4.070839462704960998e-01	7.568257236708875180e-01	-2.627073728989984813e-01	1.320118126514864931e+00	2.050593209307138842e-01
-4.070645143027732393e-01	7.567489769106663378e-01	-2.626338222711851467e-01	1.320110798410516040e+00	2.050285612104949806e-01
-4.070493320458569708e-01	7.567625162586099075e-01	-2.626259779021887231e-01	1.320121150470059179e+00	2.050195305430871640e-01
-4.070759574018611993e-01	7.568274459411032939e-01	-2.625956207345805926e-01	1.320112776322186043e+00	2.050214258945105283e-01
-4.070934210968472633e-01	7.568268499921028125e-01	-2.626382792476767980e-01	1.320120764493652565e+00	2.050245300815341232e-01
-4.070666180227039410e-01	7.568029472332832297e-01	-2.626532322011251863e-01	1.320121319519719894e+00	2.050228551225116158e-01
-4.070982212482751605e-01	7.568092830961377082e-01	-2.626381347381194775e-01	1.320125148727216757e+00	2.050266239807386759e-01
-4.070350756906224166e-01	7.567697763602113659e-01	-2.626181651635675074e-01	1.320130917444255481e+00	2.050491080554235623e-01
-4.071079499095430765e-01	7.567520819630849660e-01	-2.626512609081237404e-01	1.320116049257331392e+00	2.050751146911667655e-01
-4.070955731947753509e-01	7.568036079950466455e-01	-2.626338402696481999e-01	1.320126849301491045e+00	2.050231560040722822e-01
-4.071740642597518334e-01	7.568074674641472877e-01	-2.626299329953167283e-01	1.320123150000346079e+00	2.050194978653109845e-01
-4.070795351070799484e-01	7.567605184743105839e-01	-2.626293176642018889e-01	1.320122664532607626e+00	2.050260454921749298e-01
-4.071422578397217995e-01	7.568031419757365041e-01	-2.626298766533423090e-01	1.320115083036501602e+00	2.050293662851430665e-01
-4.071241051488712626e-01	7.568009432471642928e-01	-2.626192237604094704e-01	1.320104253247804005e+00	2.050003815639226123e-01
-4.071076373571781981e-01	7.568223540258155468e-01	-2.626296316396991570e-01	1.320115028167507587e+00	2.050257723601300874e-01
-4.071295538401726866e-01	7.568067595902810973e-01	-2.626461161335932326e-01	1.320115289164433658e+00	2.050393198309720388e-01
-4.070790188200776871e-01	7.567672380225060058e-01	-2.626179799308488994e-01	1.320101264692304266e+00	2.050239111657421176e-01
-4.071187061102051197e-01	7.567714347638132555e-01	-2.626449230420295211e-01	1.320115102108237570e+00	2.050263647000556411e-01
-4.071305105971886329e-01	7.567784479883482573e-01	-2.626222870724003178e-01	1.320110095097692726e+00	2.049689849137302788e-01
-4.070786275346862104e-01	7.567536050202303688e-01	-2.626284381683444136e-01	1.320120875378028247e+00	2.050201243453516620e-01
-4.070161294682734243e-01	7.568058518691265224e-01	-2.626420266437946016e-01	1.320119737051580477e+00	2.050623856690020064e-01
-4.070582946911810440e-01	7.567947037544813238e-01	-2.626355547988392103e-01	1.320109769237005404e+00	2.050465689255398793e-01
-4.071365949930346728e-01	7.568064398576402896e-01	-2.626294887481508411e-01	1.320115297582493241e+00	2.050259111769161813e-01
-4.071434980200067111e-01	7.568124236116204884e-01	-2.626290997110777847e-01	1.320126984729349973e+00	2.050221602504158358e-01
-4.071065288875418409e-01	7.567379568445253835e-01	-2.626441569154915334e-01	1.320116577251740031e+00	2.050503425136736557e-01
-4.070755079684098554e-01	7.567832806741948692e-01	-2.626079020246050999e-01	1.320107527547719428e+00	2.049812981000594947e-01
-4.070830137672386551e-01	7.568653754510173970e-01	-2.626288787748872200e-01	1.320128202469012413e+00	2.050346996750573858e-01
-4.070795752868916484e-01	7.568055668457661644e-01	-2.625500383045999420e-01	1.320119821567663720e+00	2.050251918065716106e-01
-4.070775230669736455e-01	7.567923011696914282e-01	-2.625831529034964307e-01	1.320119670708985726e+00	2.050419319744441193e-01
-4.071598273485023123e-01	7.567970992552952580e-01	-2.626365570928228532e-01	1.320148488165718836e+00	2.050078009524815559e-01
-4.070301611822638721e-01	7.568128273717807941e-01	-2.626313658769037218e-01	1.320138396556205684e+00	2.050193568334416350e-01
-4.070516074925525918e-01	7.568497141641842285e-01	-2.626258160857991575e-01	1.320119292440385950e+00	2.050254249655268646e-01
-4.070777000854983729e-01	7.568328373987843749e-01	-2.626807248490548585e-01	1.320107735413323713e+00	2.050298304603657973e-01
-4.070977279612202904e-01	7.568076120950613106e-01	-2.626022695255897377e-01	1.320131174194210111e+00	2.049481360220966331e-01
-4.070835058090562231e-01	7.567928832158692387e-01	-2.626329974340514406e-01	1.320098997925928552e+00	2.050240355913525159e-01
-4.071253322313363454e-01	7.568461918107376452e-01	-2.626403605338291092e-01	1.320120637349463166e+00	2.050254136107390324e-01
-4.070689046923373633e-01	7.568354734624008762e-01	-2.626326072278082346e-01	1.320118442867040498e+00	2.050682244923043851e-01
-4.071259817944021808e-01	7.568133461090652547e-01	-2.626316516524554445e-01	1.320120515969865682e+00	2.050227056943408899e-01
-4.071652002127938985e-01	7.567910989207061734e-01	-2.626306001144940727e-01	1.320115704390205202e+00	2.050264048579208132e-01
-4.069931432688249084e-01	7.567926855222939508e-01	-2.626390984882166491e-01	1.320112586254466702e+00	2.050142552298908627e-01
-4.070908355068006412e-01	7.568179901861192826e-01	-2.626357630574328583e-01	1.320114837594556834e+00	2.050043405688586617e-01
-4.070104772165876184e-01	7.568063249040505314e-01	-2.626324578133129029e-01	1.320122693221912336e+00	2.050252531647147880e-01
-4.070946311336864909e-01	7.568060319059419783e-01	-2.626041199153297256e-01	1.320073126541152719e+00	2.050289618376102407e-01
-4.069858131891819775e-01	7.567978859386326196e-01	-2.626301225749135271e-01	1.320121116183006649e+00	2.050242960301922324e-01
-4.070996187114597209e-01	7.568395825256913900e-01	-2.626362768908726553e-01	1.320128949792600759e+00	2.050252786871560318e-01
-4.070814975644297951e-01	7.567925378177798867e-01	-2.626172774690093137e-01	1.320132913221088389e+00	2.050027467322033947e-01
-4.071275881629764504e-01	7.568128587949762842e-01	-2.626042460426225578e-01	1.320112190975581079e+00	2.050114463322898206e-01
-4.071491598685105240e-01	7.568059499739681062e-01	-2.626321697467175476e-01	1.320127332476859872e+00	2.050252604861787786e-01
-4.070399556556535403e-01	7.568111609809093920e-01	-2.626357079876705525e-01	1.320105738078262370e+00	2.050709328678417265e-01
-4.070703566288517705e-01	7.568211337763428581e-01	-2.625970640210489315e-01	1.320132657499298867e+00	2.049980618368247853e-01
-4.071231512219117277e-01	7.568307821915747358e-01	-2.625937067901811806e-01	1.320127268853505509e+00	2.050262671713344587e-01
-4.070922817977362107e-01	7.568097420358641525e-01	-2.626319015365270459e-01	1.320121127983361120e+00	2.050251157804234559e-01
-4.070900186694722533e-01	7.567570167934534187e-01	-2.626105042680985657e-01	1.320100747753938375e+00	2.050230963395655859e-01
-4.070301333161439605e-01	7.568045843451999266e-01	-2.626315861834520593e-01	1.320120461487071406e+00	2.050250056041928726e-01
-4.070726607096818439e-01	7.568625670703662545e-01	-2.626180216461338479e-01	1.320120596076434838e+00	2.050330547105691237e-01
-4.070843822534029322e-01	7.567837194790575372e-01	-2.626486910422681231e-01	1.320139018760355887e+00	2.050398895266031252e-01
-4.070801781023767330e-01	7.568286862427141548e-01	-2.626301470142441974e-01	1.320146974377584659e+00	2.050293616785412165e-01
-4.070114315358021595e-01	7.567942302935449783e-01	-2.626210492555054454e-01	1.320124498243349320e+00	2.050321330991302093e-01
-4.070847361773930473e-01	7.567901108661274634e-01	-2.626351524375174495e-01	1.320110442816520679e+00	2.050330958140781923e-01
-4.070520994809668780e-01	7.568020749416368709e-01	-2.626522759251821992e-01	1.320121518592940690e+00	2.050071631861570265e-01
-4.070727104450431733e-01	7.567870089764299202e-01	-2.626089323825969157e-01	1.320121219440236304e+00	2.050270367079577993e-01
-4.071115238098119149e-01	7.567920249604476179e-01	-2.626157762468847023e-01	1.320119729974199796e+00	2.050308208755778350e-01
-4.071537817070141618e-01	7.568029343209737858e-01	-2.626283045505066749e-01	1.320120914027724357e+00	2.050250206949245091e-01
-4.070786500042199441e-01	7.568349546526805804e-01	-2.626747266604202991e-01	1.320141815591818979e+00	2.050190470274449450e-01
-4.070529917426572442e-01	7.568245625430981560e-01	-2.626194787450507051e-01	1.320121038779632716e+00	2.050097301218298529e-01
-4.070174020500504919e-01	7.568155457980542122e-01	-2.626546215289066732e-01	1.320133907551910513e+00	2.049786074347838272e-01
-4.070773179178606149e-01	7.568310361113054219e-01	-2.626315941394538611e-01	1.320121419404995944e+00	2.050255416607340009e-01
-4.070267815527447430e-01	7.567843845900423805e-01	-2.625987798674804807e-01	1.320117809550434895e+00	2.050203072406897309e-01
-4.071605894118291991e-01	7.568105602505259544e-01	-2.626303302518141480e-01	1.320120935812401086e+00	2.050254696697182411e-01
-4.070887243320039373e-01	7.568131960895445598e-01	-2.626747505878914146e-01	1.320116361536450400e+00	2.050134308620584767e-01
-4.070627266878252271e-01	7.567710992686583760e-01	-2.626401719144804137e-01	1.320118848467031425e+00	2.050229535641550915e-01
-4.071475874124089178e-01	7.568174297964795905e-01	-2.626479241888853844e-01	1.320123380974574712e+00	2.050247858267934820e-01
-4.070506056258686445e-01	7.568195284167811288e-01	-2.626354350532798532e-01	1.320120370026459655e+00	2.050230569378357348e-01
-4.070787618831067101e-01	7.568106969093321146e-01	-2.626548848748317955e-01	1.320116488357918172e+00	2.050271680664355889e-01
-4.071438022196089412e-01	7.568080178200691233e-01	-2.626553825196066283e-01	1.320122343987141900e+00	2.050242872615063994e-01
-4.070736576202149681e-01	7.568567506709522608e-01	-2.626314969124237675e-01	1.320125900366246885e+00	2.049628929429521129e-01
-4.071325549017697498e-01	7.568052792532344863e-01	-2.625990960587276102e-01	1.320128074084737202e+00	2.050244996392905916e-01
-4.070116874459248080e-01	7.568070332227039287e-01	-2.626246697141649822e-01	1.320116008974631328e+00	2.050458935250930315e-01
-4.070348428603759450e-01	7.567916905592934063e-01	-2.626310364623491433e-01	1.320124089972328552e+00	2.050299466273697024e-01
-4.070792850686634212e-01	7.568259952691801518e-01	-2.626175597194775335e-01	1.320118684034139900e+00	2.050245459239158907e-01
-4.070778978496829570e-01	7.568109005078264007e-01	-2.625915771626158302e-01	1.320160871110121814e+00	2.050245641194168578e-01
-4.070943618223631377e-01	7.568151912597023134e-01	-2.626024215583179222e-01	1.320124154198995647e+00	2.050022112059969592e-01
-4.070631090539878483e-01	7.568143394908537491e-01	-2.626151003094076564e-01	1.320149943170540130e+00	2.050455130885566746e-01
-4.071203604328355041e-01	7.568350263278260659e-01	-2.626269748065011567e-01	1.320155123971233024e+00	2.050191086961612730e-01
-4.070234906599296543e-01	7.567951763581343139e-01	-2.626324920572886690e-01	1.320118471206648270e+00	2.050244979539417034e-01
-4.071442025060801884e-01	7.567973542294994527e-01	-2.626461679196487875e-01	1.320135050112663189e+00	2.050230558634791589e-01
-4.070195576664121240e-01	7.568034373484749944e-01	-2.626301805340984785e-01	1.320121723915822498e+00	2.050277331076415799e-01
-4.070937697334449656e-01	7.568053500188127725e-01	-2.626442239617164387e-01	1.320107133382326436e+00	2.050250068634937584e-01
-4.070622573442269632e-01	7.568129107414199863e-01	-2.626214587958478064e-01	1.320158713563465147e+00	2.050171018706343773e-01
-4.070712958111518120e-01	7.568338815588148139e-01	-2.626421123414012793e-01	1.320105798556463705e+00	2.050345495869188295e-01
-4.070805166745203318e-01	7.568050909970037710e-01	-2.626157443097809630e-01	1.320134871099898133e+00	2.050320012106580658e-01
-4.070471571924088039e-01	7.567230132884568139e-01	-2.626624963617716357e-01	1.320126031600735717e+00	2.050254031944760691e-01
-4.070091099055404560e-01	7.568076139182373652e-01	-2.626191069616221618e-01	1.320133097364823760e+00	2.050269305058274594e-01
-4.069946885805850179e-01	7.568065620294815998e-01	-2.626316098956515965e-01	1.320112675865410701e+00	2.050270788604108829e-01
-4.070552802146587545e-01	7.567860897862350722e-01	-2.626386967282124951e-01	1.320142113606706857e+00	2.050354955738892815e-01
-4.070617085684797853e-01	7.568049743663223250e-01	-2.626269490778715410e-01	1.320121127666517236e+00	2.050121276816246618e-01
-4.070385015842248877e-01	7.567765219436364266e-01	-2.626279326834168315e-01	1.320120335397226619e+00	2.050259220006192540e-01
-4.070034348552885595e-01	7.568081433210025466e-01	-2.626100853449074291e-01	1.320141190401621811e+00	2.050243016562378895e-01
-4.071141470508370941e-01	7.568259249888620310e-01	-2.626074123692923590e-01	1.320112270600362070e+00	2.050394135183513378e-01
-4.070815640941654601e-01	7.568108842894568644e-01	-2.626758838547184061e-01	1.320099254382035125e+00	2.050129195234136892e-01
-4.070742650250042116e-01	7.568021370502296952e-01	-2.626199512361869215e-01	1.320125571240857942e+00	2.050121780649325209e-01
-4.070058163886445257e-01	7.568058550859079192e-01	-2.626366692247839585e-01	1.320114199579500047e+00	2.050330216974797504e-01
-4.071549948919889195e-01	7.567956442816246021e-01	-2.626252585477253931e-01	1.320120733099687804e+00	2.050264644265583081e-01
-4.070118309534904721e-01	7.568057658220834760e-01	-2.626648958735595119e-01	1.320121663919751498e+00	2.050260924723601719e-01
-4.070401830256665798e-01	7.568105547369808894e-01	-2.626256355031687528e-01	1.320105791843358300e+00	2.050004329114752943e-01
-4.070966062654709505e-01	7.568137245984026817e-01	-2.626340376723827474e-01	1.320092582622183430e+00	2.050531991807912346e-01
-4.069967931424296470e-01	7.568066576107819188e-01	-2.626454150487185779e-01	1.320125797240708998e+00	2.050163941148265279e-01
-4.070981112827430914e-01	7.567357579264487599e-01	-2.626335495194258018e-01	1.320129549508226363e+00	2.050224778564022354e-01
-4.070858400842518043e-01	7.568180985392772842e-01	-2.626830390472678078e-01	1.320122034640897946e+00	2.050122671834206378e-01
-4.070753403493858613e-01	7.568201548085295993e-01	-2.626485976998600980e-01	1.320187957827664071e+00	2.050108112595927790e-01
-4.070004468806937004e-01	7.568029326873990659e-01	-2.626292737950548517e-01	1.320120017634151655e+00	2.050161441274066521e-01
-4.070667201310242400e-01	7.567524032251106147e-01	-2.626386612857242731e-01	1.320102511959442282e+00	2.049869001842489213e-01
-4.070632209335509066e-01	7.567708338319003580e-01	-2.626317396827022033e-01	1.320120458189792734e+00	2.050294012855730375e-01
-4.071356985460442557e-01	7.567696052995682710e-01	-2.626663277956517439e-01	1.320130697926704899e+00	2.050154396462662287e-01
-4.070819419357860625e-01	7.568122996456850826e-01	-2.627041940645269413e-01	1.320125420960630791e+00	2.050247099721909660e-01
-4.070732771173578568e-01	7.568566752765530925e-01	-2.626301021501548649e-01	1.320122840161867650e+00	2.050247299517993504e-01
-4.070757397821290757e-01	7.568515644176697643e-01	-2.626380388322261950e-01	1.320124159369058026e+00	2.050505313569136734e-01
-4.071367938455319746e-01	7.567663210051319700e-01	-2.626272771193687849e-01	1.320120916279816647e+00	2.050252292043502900e-01
-4.070471702054612728e-01	7.568212587493295951e-01	-2.626082465759821405e-01	1.320118509674621077e+00	2.050249851054737615e-01
-4.070945851390116998e-01	7.567840518360351432e-01	-2.626503766986639232e-01	1.320098886268794791e+00	2.050376669920268291e-01
-4.070210397709103645e-01	7.567897314703191380e-01	-2.626427311918071439e-01	1.320094124103729394e+00	2.050157572046181764e-01
-4.071424209708803255e-01	7.568070377836711993e-01	-2.626353848808236080e-01	1.320121749541218747e+00	2.050255331173301832e-01
-4.070628972241801535e-01	7.567808653604952696e-01	-2.626268635694182230e-01	1.320108353385726740e+00	2.050182442980596764e-01
-4.071013029369165981e-01	7.567651496666937261e-01	-2.626318320791081740e-01	1.320114464496777718e+00	2.050471202489674016e-01
-4.070287964463980002e-01	7.567740521622197125e-01	-2.625917754240502666e-01	1.320108698775353417e+00	2.050295044664049715e-01
-4.070869240346271511e-01	7.567180085898916886e-01	-2.626373312914588309e-01	1.320119159514695717e+00	2.050326613542434451e-01
-4.070715052650659138e-01	7.568095832585431948e-01	-2.626451816845016274e-01	1.320119881927758421e+00	2.050232012484248523e-01
-4.070154453426634844e-01	7.568343639929346889e-01	-2.626208336921057596e-01	1.320123322670605059e+00	2.050238071502537007e-01
-4.070048668331024411e-01	7.568062193973603691e-01	-2.626327513830749583e-01	1.320121555293058080e+00	2.050264128283410814e-01
-4.071608967605901963e-01	7.568203221478800868e-01	-2.625980244735025004e-01	1.320123230217295163e+00	2.050231948045885544e-01
-4.070803679220029725e-01	7.568167683605236951e-01	-2.626559028168775622e-01	1.320132588072483459e+00	2.050254569545222616e-01
-4.070942227689923198e-01	7.567571771835336358e-01	-2.626250140238091113e-01	1.320102224976725136e+00	2.050464121431059550e-01
-4.070700380567464083e-01	7.568214445540775159e-01	-2.626280747846941876e-01	1.320127918952597179e+00	2.050250823352072482e-01
-4.070782801696886111e-01	7.568365602306394990e-01	-2.626227800151842984e-01	1.320138719048718823e+00	2.050185484067248431e-01
-4.070658797290344078e-01	7.568093887277389520e-01	-2.626611254760770064e-01	1.320108922316176159e+00	2.050298743046523042e-01
-4.070718263352394173e-01	7.567696581965482894e-01	-2.626654267100680951e-01	1.320101774722086674e+00	2.050248792692146160e-01
-4.070128707436513893e-01	7.568304225550623876e-01	-2.626256647208738970e-01	1.320121689585661118e+00	2.050622534805658648e-01
-4.070808233553060984e-01	7.568034020246439120e-01	-2.626185436426309305e-01	1.320120915325703637e+00	2.050230655275377678e-01
-4.070810134672041558e-01	7.568022918294069479e-01	-2.625808152281950414e-01	1.320109193599412256e+00	2.050176222410699522e-01
-4.071720077483015898e-01	7.568033485391854054e-01	-2.626218520075387919e-01	1.320122832841091443e+00	2.050252554293708618e-01
-4.070870801304748432e-01	7.568032966810848139e-01	-2.626776011831177260e-01	1.320111562442683573e+00	2.049973458855891828e-01
-4.070763318706787648e-01	7.568700939625678803e-01	-2.626201856867864115e-01	1.320137193756542038e+00	2.050036923997071991e-01
-4.070776078795113051e-01	7.568247127758315207e-01	-2.626436944040205779e-01	1.320066372413145395e+00	2.050458551488945624e-01
-4.070662303637505031e-01	7.568074298526360488e-01	-2.626309697857810987e-01	1.320131300582235490e+00	2.050235934686458206e-01
-4.070566557517628081e-01	7.567695839255861312e-01	-2.625961606984222874e-01	1.320130286595192937e+00	2.050468597155367667e-01
-4.071006365208594824e-01	7.568206672110243671e-01	-2.626381033135975485e-01	1.320121439887278703e+00	2.050287411034066032e-01
-4.070029127919897460e-01	7.567842458834971309e-01	-2.626056905391042640e-01	1.320120971102768159e+00	2.050262581475866264e-01
-4.071249150885954959e-01	7.568329276319144538e-01	-2.626280318389356827e-01	1.320122377272240133e+00	2.050331477265944502e-01
-4.070517775457541676e-01	7.567800033419483929e-01	-2.625855093517582284e-01	1.320121079687146981e+00	2.050277970692013507e-01
-4.071007775118358207e-01	7.568073868970499607e-01	-2.626329699204957291e-01	1.320134727653504703e+00	2.050316649787950196e-01
-4.071587136018861575e-01	7.568168856044281689e-01	-2.626251960217457215e-01	1.320122325877337133e+00	2.050284941359514501e-01
-4.070795136967811367e-01	7.567353098972274816e-01	-2.626275009783825554e-01	1.320120529749600813e+00	2.050282566461340827e-01
-4.070320621175222975e-01	7.568679261512172296e-01	-2.626327658665548181e-01	1.320121113640946309e+00	2.050250156310261529e-01
-4.070740434593040913e-01	7.568436545203924837e-01	-2.626225005119072753e-01	1.320131090104061045e+00	2.049657384292249418e-01
-4.070850852011435039e-01	7.568226001847521145e-01	-2.626411703793761210e-01	1.320121601245765053e+00	2.050239850073152237e-01
-4.070975339580400476e-01	7.568442433134263680e-01	-2.626284005087328177e-01	1.320123303670976966e+00	2.050270134214595141e-01
-4.071421836187436583e-01	7.567957418991363427e-01	-2.626330576523395188e-01	1.320120261407585760e+00	2.050253886850499363e-01
-4.070082685972862269e-01	7.568224929599869366e-01	-2.626309090332166751e-01	1.320120500139138953e+00	2.050258710719161659e-01
-4.070983040629944094e-01	7.568644641450352761e-01	-2.626276067713330109e-01	1.320131145788510318e+00	2.050116535502014836e-01
-4.070863161369725480e-01	7.567975412152748715e-01	-2.627178417132434718e-01	1.320131029457469296e+00	2.049922457267397691e-01
-4.071557262767999674e-01	7.568321818069292384e-01	-2.626279979424460675e-01	1.320121069543030989e+00	2.050252409602268955e-01
-4.070857012659199747e-01	7.568077276078754023e-01	-2.626085660582609949e-01	1.320119949344546351e+00	2.050275204490902281e-01
-4.070807701296704217e-01	7.567881864325390895e-01	-2.626369788266388339e-01	1.320121133291917159e+00	2.050249419845606991e-01
-4.070515827807689724e-01	7.567669510551600087e-01	-2.626327808346276549e-01	1.320121476844852371e+00	2.050260845216790861e-01
-4.070302142959285607e-01	7.567785506941955287e-01	-2.626215762585725200e-01	1.320127266784709041e+00	2.050216703054889844e-01
-4.070902351142552944e-01	7.568061372625808358e-01	-2.626349074657430838e-01	1.320066133995407842e+00	2.050282780536729910e-01
-4.071112561437644772e-01	7.568059991617593907e-01	-2.626326488969890627e-01	1.320120971457367398e+00	2.050225818801010014e-01
-4.071428855989879247e-01	7.567646230226764414e-01	-2.626331484459529797e-01	1.320138634493837948e+00	2.050224440604634102e-01
-4.070032614030527629e-01	7.568022623187845577e-01	-2.626288716663162659e-01	1.320119364069229029e+00	2.050212075115851185e-01
-4.070801675899266558e-01	7.568579525917643602e-01	-2.626176476143808891e-01	1.320184386914235564e+00	2.049974035212993317e-01
-4.071219273934309490e-01	7.567964681211216682e-01	-2.626029119674506140e-01	1.320093648360419314e+00	2.050120577394382304e-01
-4.070793719817812906e-01	7.567439495409780115e-01	-2.626316295619970931e-01	1.320127415579548602e+00	2.050243738676186256e-01
-4.071239196546000971e-01	7.568098367678838256e-01	-2.626185910655354228e-01	1.320120120024319332e+00	2.050174624396921552e-01
-4.070499086518934995e-01	7.568050575366402910e-01	-2.626316845302362202e-01	1.320121283669285495e+00	2.050237402849821311e-01
-4.070729235844192107e-01	7.567957334756407750e-01	-2.625838814848258651e-01	1.320116886997908301e+00	2.050255055928369152e-01
-4.071214043863065069e-01	7.568487666815231218e-01	-2.626316083504611765e-01	1.320121381659152382e+00	2.050245905073883601e-01
-4.071530588204241297e-01	7.568088197839758502e-01	-2.626451004477071138e-01	1.320121137385168897e+00	2.050427622198216782e-01
-4.071028048324424331e-01	7.568070476290066351e-01	-2.626265399099073639e-01	1.320121140296663498e+00	2.050259806609212865e-01
-4.070803007217700387e-01	7.568119290443546809e-01	-2.626218115024206989e-01	1.320125134345071505e+00	2.050264425767028831e-01
-4.070836761639607948e-01	7.567908291209863858e-01	-2.626285134680065303e-01	1.320142874369043318e+00	2.050319222257389884e-01
-4.070335196523054422e-01	7.568021201415129351e-01	-2.626324295277118193e-01	1.320121179826092561e+00	2.050259673303765351e-01
-4.071451539425090527e-01	7.567943894927362525e-01	-2.626506878659648492e-01	1.320129902120849019e+00	2.050262623910536486e-01
-4.071087359006230755e-01	7.568076004279141733e-01	-2.625903389073477312e-01	1.320131829287556791e+00	2.050462923527798798e-01
-4.070500136703086302e-01	7.568616701404003999e-01	-2.626094078633277040e-01	1.320122359770474985e+00	2.050236804766067955e-01
-4.070924619524756705e-01	7.568509316774136853e-01	-2.626136764235355026e-01	1.320122541372242608e+00	2.050171440500979381e-01
-4.071114065781182845e-01	7.567724338727118694e-01	-2.626311748698157422e-01	1.320152569125624842e+00	2.050188714820471991e-01
-4.070696607358894048e-01	7.568073156755908970e-01	-2.626316547946367375e-01	1.320120830731699835e+00	2.050023402928120020e-01
-4.071109760800711297e-01	7.568196302151855015e-01	-2.626213198682153527e-01	1.320174025010773189e+00	2.050129545936021092e-01
-4.070945448052109006e-01	7.567878568451777976e-01	-2.626538351313782438e-01	1.320069761286798649e+00	2.050210291372130678e-01
-4.070147074073948157e-01	7.568102481638609991e-01	-2.626177743569793610e-01	1.320137464910559277e+00	2.050559354440444071e-01
-4.071131043493487200e-01	7.568471850600105855e-01	-2.626230835363739247e-01	1.320123797137494615e+00	2.050074246224542207e-01
-4.070954998623296794e-01	7.567748554054092303e-01	-2.626456304416424081e-01	1.320136493746603135e+00	2.050400543677382836e-01
-4.071316103612900861e-01	7.567786236383521326e-01	-2.626288909469566279e-01	1.320119345512857700e+00	2.050715312350055441e-01
-4.070568562203574214e-01	7.568158136600949826e-01	-2.626296274120432095e-01	1.320111678352454243e+00	2.050329127962632614e-01
-4.071053955234709143e-01	7.568059458361392489e-01	-2.626661141220312801e-01	1.320070031761032991e+00	2.050148002746105258e-01
-4.070587945015903264e-01	7.567576194173123438e-01	-2.626325125460332033e-01	1.320121602772473368e+00	2.050186437495079006e-01
-4.070756470983408759e-01	7.568119337393079959e-01	-2.626454705664155176e-01	1.320073256260075434e+00	2.050062516232840082e-01
-4.071087119155987755e-01	7.568106211977830844e-01	-2.626336187324103122e-01	1.320149043264586819e+00	2.050343504746546253e-01
-4.070456845095973275e-01	7.568034198014160774e-01	-2.626311671050262642e-01	1.320121584936899684e+00	2.050258582909162131e-01
-4.071178673961390881e-01	7.567844794702192068e-01	-2.626279726973319018e-01	1.320143328247335823e+00	2.050273307046459603e-01
-4.070756544628968410e-01	7.568341946862618963e-01	-2.626419807049247268e-01	1.320088801840278103e+00	2.050415571463163056e-01
-4.071492535547374114e-01	7.567869619572299422e-01	-2.626162655114095967e-01	1.320120370851120439e+00	2.050183103585290212e-01
-4.071668169856189623e-01	7.568102482347746074e-01	-2.626369795150624298e-01	1.320125541562007232e+00	2.050248596237145282e-01
-4.070923799700285062e-01	7.568153948409734877e-01	-2.626319062178453789e-01	1.320121267808087806e+00	2.050213347164008548e-01
-4.070774219193262211e-01	7.567560092501904867e-01	-2.626069491988527460e-01	1.320124472446985164e+00	2.050514769142150751e-01
-4.071000597590759273e-01	7.568150362899629391e-01	-2.626320006508602867e-01	1.320114524426442726e+00	2.050176243502589146e-01
-4.070913713098445186e-01	7.568856764541455062e-01	-2.626356143305490498e-01	1.320120853548095274e+00	2.050249801578783448e-01
-4.071107462374708996e-01	7.568110115851707231e-01	-2.626316502938076947e-01	1.320121190504766284e+00	2.050260543254835421e-01
-4.070706568008627402e-01	7.567559530352669928e-01	-2.626493167419088337e-01	1.320134231391178359e+00	2.050117426482858385e-01
-4.070114598961308006e-01	7.567574646789484438e-01	-2.626293468793958752e-01	1.320115185667432467e+00	2.050275733167866710e-01
-4.070737022531693006e-01	7.568150004744935710e-01	-2.626463444498806088e-01	1.320120764446245820e+00	2.050225428035188924e-01
-4.070749251756425879e-01	7.568100574255631763e-01	-2.626216531664793963e-01	1.320099197219901654e+00	2.050000146170613824e-01
-4.071160529224869817e-01	7.568045414841821916e-01	-2.626315732047171392e-01	1.320055082079179654e+00	2.050374544707206925e-01
-4.069897588741446803e-01	7.568045386926037787e-01	-2.626334472650527219e-01	1.320121888597231674e+00	2.050260463687626489e-01
-4.070785996559341813e-01	7.568591920292675468e-01	-2.626689588382689067e-01	1.320127199313641198e+00	2.050259953214236541e-01
-4.071370141392466335e-01	7.568200299658871533e-01	-2.626563592444180473e-01	1.320121222259476923e+00	2.050278793368599251e-01
-4.070988858128495869e-01	7.567850418849748628e-01	-2.626485979993786746e-01	1.320072350843201514e+00	2.050248024255708068e-01
-4.070780599644301945e-01	7.567968340200722510e-01	-2.625986712031557202e-01	1.320145211021459319e+00	2.049970549742334835e-01
-4.071010549057912931e-01	7.568551546177185729e-01	-2.626308660723165045e-01	1.320124268393818801e+00	2.050121654820650507e-01
-4.070855023774062609e-01	7.568207235579930137e-01	-2.626440436064848560e-01	1.320113790620009109e+00	2.050165608490520652e-01
-4.070857147120425790e-01	7.568815271259331512e-01	-2.626312266547736751e-01	1.320114812346608213e+00	2.050378680297536005e-01
-4.069937150377207491e-01	7.568178791603451527e-01	-2.626322722057345405e-01	1.320120266284390720e+00	2.050293764545964292e-01
-4.070806823276078013e-01	7.568431112443960718e-01	-2.626285672789276937e-01	1.320104653573353160e+00	2.050351527827246612e-01
-4.071650942942638962e-01	7.568042592841690563e-01	-2.626313962455776307e-01	1.320117531900930175e+00	2.050254387340671725e-01
-4.070938295164162612e-01	7.568411575194455843e-01	-2.626378389111399536e-01	1.320119065311423201e+00	2.050215431047061054e-01
-4.070936040652823329e-01	7.568768403427831304e-01	-2.626163977553760409e-01	1.320120091229680659e+00	2.050220008302315045e-01
-4.071296515305787289e-01	7.568038706579646169e-01	-2.626314599510271020e-01	1.320121168208483464e+00	2.050257789542066500e-01
-4.070917066720053934e-01	7.568566103962923730e-01	-2.626315324589082456e-01	1.320121075704835389e+00	2.050252291774880276e-01
-4.070815730084558770e-01	7.568085470564712702e-01	-2.626289004584095865e-01	1.320120646954632715e+00	2.050269989185610764e-01
-4.071120995866598924e-01	7.567435542371484525e-01	-2.626450177071322778e-01	1.320126143670660612e+00	2.050236147230996842e-01
-4.070310046256807590e-01	7.568049672295997787e-01	-2.626315954960655730e-01	1.320120028619655939e+00	2.050247275347722442e-01
-4.070981652731103795e-01	7.567554227474261319e-01	-2.626065603291666828e-01	1.320128917846682626e+00	2.050375496904569272e-01
-4.071061395661942917e-01	7.567989529796945725e-01	-2.626679676142893993e-01	1.320158071063843419e+00	2.050046155155088590e-01
-4.071648158614078472e-01	7.568088772232309802e-01	-2.626330541156709497e-01	1.320119395495040759e+00	2.050264934011026829e-01
-4.070761146874934955e-01	7.568093517528907688e-01	-2.625569870348999357e-01	1.320141379153060290e+00	2.050337455213965543e-01
-4.071403848486508936e-01	7.568049364171676174e-01	-2.626499842406194718e-01	1.320119574677511398e+00	2.050091294735789105e-01
-4.070505713053176877e-01	7.568026018783988729e-01	-2.626576600326974154e-01	1.320111612768619880e+00	2.050442053064549797e-01
-4.070986186254497152e-01	7.567999354803267575e-01	-2.626219137494571476e-01	1.320118317670516683e+00	2.050248352043632094e-01
-4.070283925420095650e-01	7.567979258024660760e-01	-2.626306369905946902e-01	1.320118448941732137e+00	2.050254439605399548e-01
-4.070742149295932810e-01	7.567602650493177041e-01	-2.626243094418769242e-01	1.320122589507431776e+00	2.050052385250766829e-01
-4.070578440800756148e-01	7.568058855238075644e-01	-2.626385511905782177e-01	1.320096996407484680e+00	2.050198770181881625e-01
-4.071277984924685511e-01	7.567961765171520305e-01	-2.626040889993460081e-01	1.320112754928734367e+00	2.050226993246132001e-01
-4.070734113077644767e-01	7.567933014625938259e-01	-2.626397424480930165e-01	1.320120843845870695e+00	2.050277937637962067e-01
-4.070567030873142866e-01	7.568125608307801899e-01	-2.626185397800017141e-01	1.320140613278641961e+00	2.050673985194219617e-01
-4.070735971151725474e-01	7.568018884760241427e-01	-2.626316975800629394e-01	1.320121740872052696e+00	2.050270443113640650e-01
-4.071141564834194204e-01	7.568006053162182889e-01	-2.626617306144965469e-01	1.320081052978194114e+00	2.050513399082941890e-01
-4.070902415829356635e-01	7.568075634209113778e-01	-2.626313696511111129e-01	1.320102146374793284e+00	2.050628491651240171e-01
-4.071033330690283503e-01	7.568078348238934661e-01	-2.626200858400986049e-01	1.320120929317671887e+00	2.050255099157336502e-01
-4.070790246512351329e-01	7.567758987407735560e-01	-2.626221693135880053e-01	1.320170608588607131e+00	2.050122921630130046e-01
-4.070621977848827844e-01	7.567888082131873917e-01	-2.626237712837363181e-01	1.320118389609226561e+00	2.049994583774337187e-01
-4.071006070659420883e-01	7.568899574492650162e-01	-2.626311305978303867e-01	1.320121102230467081e+00	2.050246449222767609e-01
-4.071233555534188864e-01	7.567446673835999116e-01	-2.626303823182097319e-01	1.320122921541479810e+00	2.050346576042898217e-01
-4.070711465466437806e-01	7.568729579245122574e-01	-2.626741464288960271e-01	1.320122917116972383e+00	2.050239887258492044e-01
-4.070621274692337588e-01	7.568151139736497557e-01	-2.626270332557926190e-01	1.320129155930453546e+00	2.050297122932747407e-01
-4.070833662362737804e-01	7.567599277036370919e-01	-2.626218614511556249e-01	1.320121196386413454e+00	2.050254661541064116e-01
-4.071233208261078040e-01	7.568209066398219331e-01	-2.626303985083725534e-01	1.320120934688380876e+00	2.050244532574877487e-01
-4.071409807472081699e-01	7.568233688213151789e-01	-2.626247609006532868e-01	1.320121064498050334e+00	2.050251249011809385e-01
-4.070570078126360403e-01	7.568051303311219558e-01	-2.626316747412436037e-01	1.320121119595452308e+00	2.050250026439090489e-01
-4.070831426174835177e-01	7.567416143330611966e-01	-2.626328887250134470e-01	1.320120954732882490e+00	2.050102568666663516e-01
-4.070366845290899760e-01	7.567976058486800550e-01	-2.626075508004802050e-01	1.320105846431963270e+00	2.050293024444425072e-01
-4.071326121104669737e-01	7.567478503236366727e-01	-2.626314881778057386e-01	1.320103724866065420e+00	2.050144889057103070e-01
-4.070863729611533532e-01	7.568215267073880037e-01	-2.626197788123187937e-01	1.320118180054545398e+00	2.050270425476177494e-01
-4.070418227078914652e-01	7.567938267110905226e-01	-2.626185139571064475e-01	1.320168438699023561e+00	2.050331893924082771e-01
-4.071141084249705333e-01	7.568314813035053046e-01	-2.626352200930762160e-01	1.320121081668262253e+00	2.050248665517000191e-01
-4.071341552367073735e-01	7.567830550529505151e-01	-2.626149917366276121e-01	1.320126059054155254e+00	2.050238985189532792e-01
-4.070730713700665415e-01	7.568021788107529568e-01	-2.626308789214001904e-01	1.320120999745072243e+00	2.050253461254488430e-01
-4.070629428146871898e-01	7.567965733135371131e-01	-2.626315599021739056e-01	1.320124772906420940e+00	2.050287449691108876e-01
-4.071017499540943718e-01	7.568055029198844652e-01	-2.626457713637698754e-01	1.320122506805233797e+00	2.050258788214033012e-01
-4.070243194525069996e-01	7.568065576548839157e-01	-2.626604096217260431e-01	1.320132513866663304e+00	2.050202147745864845e-01
-4.070576861254708856e-01	7.567725758374911349e-01	-2.626316077364706514e-01	1.320121082369476229e+00	2.050233666648680897e-01
-4.071022288584973947e-01	7.567825636513229037e-01	-2.626905622788939798e-01	1.320095696072310920e+00	2.050280974529312961e-01
-4.070029775691028084e-01	7.568016822333825111e-01	-2.626438389539148544e-01	1.320121146070997620e+00	2.050250251303710469e-01
-4.070762598539925392e-01	7.568234903713586537e-01	-2.626083366255508866e-01	1.320126533609159658e+00	2.050022908786510722e-01
-4.070939684298843786e-01	7.567937227259694533e-01	-2.626342498180141427e-01	1.320122757475735265e+00	2.050252393274618612e-01
-4.071397264268618033e-01	7.568040355175971179e-01	-2.626299973618747008e-01	1.320124170758323556e+00	2.050260260946197011e-01
-4.070945029368711610e-01	7.568435779016607912e-01	-2.626604181438575436e-01	1.320114211415529981e+00	2.050257152142393180e-01
-4.071077069995446274e-01	7.568141847575881043e-01	-2.626031403201539161e-01	1.320122046354523127e+00	2.050309351186513640e-01
-4.070310949681693602e-01	7.567721916890562950e-01	-2.626279783333435036e-01	1.320109036862019192e+00	2.050353306211696036e-01
-4.070754954860952290e-01	7.568436973282498537e-01	-2.626251309130492873e-01	1.320130540451880607e+00	2.050510228428407133e-01
-4.071007456108668987e-01	7.568082116896397427e-01	-2.626485604085885273e-01	1.320121093674815338e+00	2.050257148069973001e-01
-4.071269734885267222e-01	7.567814778822999910e-01	-2.626727294999003925e-01	1.320121609415810582e+00	2.050306051892581416e-01
-4.071448899268840793e-01	7.568110248263004713e-01	-2.626684618425688122e-01	1.320137729067952792e+00	2.050524323659969061e-01
-4.070486703698998343e-01	7.568128334981854000e-01	-2.626245328726082851e-01	1.320121765073078546e+00	2.050678749111134180e-01
-4.071416911816570505e-01	7.568139813744191313e-01	-2.626285656370920818e-01	1.320121100913983936e+00	2.050259551260617263e-01
-4.070050222313523203e-01	7.568248006010809270e-01	-2.626266376189493879e-01	1.320129238010049555e+00	2.050084910693136531e-01
-4.071225802659220183e-01	7.568151739825448310e-01	-2.626333498465616145e-01	1.320117600647326972e+00	2.050196793826060404e-01
-4.071262351218606912e-01	7.568612528188856103e-01	-2.626233570552622409e-01	1.320142224355246308e+00	2.050250413734347465e-01
-4.070504310567802930e-01	7.567525044211732554e-01	-2.626423714521040620e-01	1.320121901332321102e+00	2.050410656532875298e-01
-4.070915272332745194e-01	7.568038761260209579e-01	-2.626239726164582011e-01	1.320121426038318502e+00	2.050207804678653156e-01
-4.070456601144915032e-01	7.567793702942796630e-01	-2.626311752988109705e-01	1.320120861284691083e+00	2.050248508695711180e-01
-4.070664644253124687e-01	7.568050644139093786e-01	-2.625894039393389945e-01	1.320140293567287237e+00	2.050358248667396022e-01
-4.070230967277713163e-01	7.568056529712229308e-01	-2.626264166784524345e-01	1.320123471978454033e+00	2.050252101801487425e-01
-4.070652612028108353e-01	7.567782763362863596e-01	-2.626245762590196375e-01	1.320119190458705738e+00	2.050760559075148481e-01
-4.071109230466853912e-01	7.567224120159015133e-01	-2.626321839329679442e-01	1.320124266915028821e+00	2.050309862106491354e-01
-4.070216704747162129e-01	7.568059762775836141e-01	-2.626249184695841343e-01	1.320102826428248832e+00	2.050388879308278345e-01
-4.071484936750727202e-01	7.568016704479469947e-01	-2.626336611709624291e-01	1.320121047396100478e+00	2.049863665700810689e-01
-4.070655002841221948e-01	7.567772295056645060e-01	-2.626512357226652994e-01	1.320123150135079637e+00	2.050255545737455498e-01
-4.070819147941602822e-01	7.568450944772816547e-01	-2.626313293714448438e-01	1.320121602599217514e+00	2.050633004360000733e-01
-4.071062253610499004e-01	7.568173776759898885e-01	-2.626325292891705243e-01	1.320131813259838749e+00	2.050225394827073222e-01
-4.071415538544191359e-01	7.568147646745649881e-01	-2.626317559853117434e-01	1.320121109301514384e+00	2.050250274321477328e-01
-4.071478320308707932e-01	7.567460997157967606e-01	-2.626297783607370873e-01	1.320137781067516780e+00	2.050219254566907900e-01
-4.071107224574033179e-01	7.568076642741408122e-01	-2.626220363512320466e-01	1.320121851848185424e+00	2.050256267130532439e-01
-4.070939372020950797e-01	7.568081945890233753e-01	-2.626294716737186952e-01	1.320112611473842845e+00	2.050132036178454187e-01
-4.070766811056595880e-01	7.567999951640749234e-01	-2.626345994995330502e-01	1.320175753856906553e+00	2.050322721515839830e-01
-4.071098425286363565e-01	7.567921545799491945e-01	-2.626291591208028686e-01	1.320111129475705525e+00	2.050204922920358941e-01
-4.070795487314973760e-01	7.567798639375066250e-01	-2.626985475843170992e-01	1.320130001145454424e+00	2.050251034695451391e-01
-4.070414839769225246e-01	7.568521825003430292e-01	-2.626339964138858507e-01	1.320121247299894662e+00	2.050252190419534770e-01
-4.070641636004677100e-01	7.568024706648981415e-01	-2.626327066125903609e-01	1.320121118049307984e+00	2.050243532112974998e-01
-4.071610986394639253e-01	7.568066625587517304e-01	-2.626318726841018747e-01	1.320121125012682750e+00	2.050248536338590000e-01
-4.070946398969689795e-01	7.568164017113879760e-01	-2.625984115641473715e-01	1.320113848926179445e+00	2.050108357702260242e-01
-4.070974568290988138e-01	7.568670790522792347e-01	-2.626525289374189720e-01	1.320116749499575581e+00	2.050170114223399953e-01
-4.071377322554570188e-01	7.568138776535113799e-01	-2.626300093250243384e-01	1.320121227912413042e+00	2.050240189984100236e-01
-4.071157861061924232e-01	7.568055136461503407e-01	-2.626371348560799235e-01	1.320111124211715614e+00	2.050306223901262881e-01
-4.070804354429808924e-01	7.568121789157598034e-01	-2.625502480289097496e-01	1.320090475748863845e+00	2.050287275057146030e-01
-4.071398008792936896e-01	7.567755579370990526e-01	-2.626523536198282494e-01	1.320096226621792157e+00	2.050273076391031790e-01
-4.069920552981573514e-01	7.568087210541324383e-01	-2.626318294907144524e-01	1.320121074373402870e+00	2.050246009389080637e-01
-4.069957017671861910e-01	7.568089153089125887e-01	-2.626309747597868616e-01	1.320122556714881545e+00	2.050246753371675335e-01
-4.071411693141980814e-01	7.568470924394655741e-01	-2.626311104540876018e-01	1.320124668319899275e+00	2.050180479394265731e-01
-4.070426762346426863e-01	7.567569866778574017e-01	-2.626316887651883314e-01	1.320122133116218288e+00	2.050265046471314023e-01
-4.070497951617652044e-01	7.568112017286006132e-01	-2.626594936332138919e-01	1.320141732751574093e+00	2.050360202308648960e-01
-4.071355015535514932e-01	7.568457558914490901e-01	-2.626305872914027617e-01	1.320120895539894867e+00	2.050248514070062977e-01
-4.070791383758537441e-01	7.568324638845530528e-01	-2.626316876315646365e-01	1.320119254961092725e+00	2.050253025590156875e-01
-4.070759184254095220e-01	7.568142283716390306e-01	-2.626308192626262139e-01	1.320115495496313907e+00	2.050741525437546620e-01
-4.071655155268715243e-01	7.567988493329672606e-01	-2.626629224334458002e-01	1.320109484825531476e+00	2.050312069076462296e-01
-4.070906773944535373e-01	7.567509042047418921e-01	-2.626395200014410292e-01	1.320119967009185213e+00	2.050211662983574545e-01
-4.070756495925795249e-01	7.568776955322674693e-01	-2.626297012094647165e-01	1.320121063035300413e+00	2.050233339658306397e-01
-4.070748385113003298e-01	7.567157569711362441e-01	-2.626314150054369079e-01	1.320117286796014255e+00	2.050231836074316860e-01
-4.070439785867049354e-01	7.568156246715004309e-01	-2.626327820975540295e-01	1.320107622513744916e+00	2.050254256645394346e-01
-4.070397413159014821e-01	7.568209872795682580e-01	-2.626625454646448476e-01	1.320130276585911977e+00	2.050126879362697829e-01
-4.070890949653542257e-01	7.568053432623942367e-01	-2.626265363250291918e-01	1.320131225227032967e+00	2.050226377838988701e-01
-4.070536604715163653e-01	7.568123593145804628e-01	-2.626748952527060421e-01	1.320113998767126651e+00	2.049972551435681190e-01
-4.070815471799116847e-01	7.568048497466225433e-01	-2.626343577175136446e-01	1.320123201938029123e+00	2.050232049637327747e-01
-4.070704825478750344e-01	7.568076886030918882e-01	-2.626026507649002473e-01	1.320164236419923975e+00	2.050258570527666302e-01
-4.070810515028527865e-01	7.567993155227435986e-01	-2.626871202043257192e-01	1.320117934602880849e+00	2.049931776689841167e-01
-4.070840642807193044e-01	7.567824421253693812e-01	-2.626352770232289746e-01	1.320121181731412907e+00	2.050240495932434959e-01
-4.070074931656694761e-01	7.568116207726562905e-01	-2.626321677120254106e-01	1.320121113081162312e+00	2.050251463416883635e-01
-4.071287297206014899e-01	7.568022975967699795e-01	-2.626325405858482842e-01	1.320121163138271658e+00	2.050249197620369612e-01
-4.071471348100396126e-01	7.568030376546530658e-01	-2.626235548993377522e-01	1.320120950865671272e+00	2.050249213954358218e-01
-4.070869911486883486e-01	7.568092494088406452e-01	-2.626533523435130024e-01	1.320119881696265818e+00	2.050256421582333233e-01
-4.070730658013108072e-01	7.567341773953744077e-01	-2.626724495695385575e-01	1.320126762962527289e+00	2.050246288183081023e-01
-4.070599119499270779e-01	7.568047918575800947e-01	-2.626314836348577209e-01	1.320121168420621327e+00	2.050249551462157982e-01
-4.071115602369156372e-01	7.568017297846120206e-01	-2.626097006196851935e-01	1.320136479365795257e+00	2.050308173415808510e-01
-4.071181214818415106e-01	7.568140995758751988e-01	-2.626357617526113297e-01	1.320123157882114207e+00	2.050246511335891419e-01
-4.070894761234860604e-01	7.568233757706125386e-01	-2.626595866697009618e-01	1.320120517522495929e+00	2.050244591502269065e-01
-4.071604706559158182e-01	7.568053661650726571e-01	-2.626118574769917280e-01	1.320122801665236878e+00	2.050234047821625216e-01
-4.070509649464185697e-01	7.568610464748011246e-01	-2.626582758838266751e-01	1.320112228428443224e+00	2.050501601688827502e-01
-4.070811068105266717e-01	7.568228097248811403e-01	-2.626138046363936107e-01	1.320120330027687583e+00	2.050275235704782650e-01
-4.070021707373840392e-01	7.568221723458349315e-01	-2.626312162127806826e-01	1.320121107985676057e+00	2.050252410608677800e-01
-4.070913156675914912e-01	7.568262674610419793e-01	-2.626311837397272142e-01	1.320124713080517820e+00	2.050269934940638639e-01
-4.071485533497363196e-01	7.568174851921943835e-01	-2.626357485276848980e-01	1.320123794408546658e+00	2.050339029144709890e-01
-4.070508989117682108e-01	7.568018250985045769e-01	-2.626547824102334339e-01	1.320121098164535045e+00	2.050250590108420867e-01
-4.070929219482515848e-01	7.568048363494730424e-01	-2.626211186023991728e-01	1.320121693412326325e+00	2.050319225495354503e-01
-4.070478058893225448e-01	7.567748432452752194e-01	-2.626451034763001013e-01	1.320120870795351342e+00	2.050234211283225028e-01
-4.070576433384490711e-01	7.567709838901914843e-01	-2.626385807239197678e-01	1.320121552636572826e+00	2.050256586624779331e-01
-4.071003212700576301e-01	7.568402220309971007e-01	-2.626453193250260498e-01	1.320126772211655863e+00	2.050258957130912663e-01
-4.070767899982516425e-01	7.568456926199237378e-01	-2.626335178189870279e-01	1.320080970133414855e+00	2.050456860497413825e-01
-4.071483623587953682e-01	7.568301897792719668e-01	-2.626539806915539343e-01	1.320118489855030885e+00	2.050331983767892940e-01
-4.070756379751359066e-01	7.568296622106035487e-01	-2.626437676512735075e-01	1.320088045697744183e+00	2.050064263482745952e-01
-4.071423007268340499e-01	7.568036375795977877e-01	-2.626316917959146124e-01	1.320121125201227930e+00	2.050250046260647663e-01
-4.070136473603821470e-01	7.568099291223617797e-01	-2.626349338899146568e-01	1.320121549209205325e+00	2.050072926142486318e-01
-4.071407778073569683e-01	7.568123841897507198e-01	-2.626325217577994420e-01	1.320119712224542941e+00	2.050235036733745186e-01
-4.071243419050992185e-01	7.568053658562695629e-01	-2.626320271638725723e-01	1.320125021678536514e+00	2.050247126370673412e-01
-4.071663267402532704e-01	7.568125667670352330e-01	-2.626304012803696852e-01	1.320118778978748963e+00	2.050240048431352102e-01
-4.070934531264795986e-01	7.567973874348683516e-01	-2.626308230653551790e-01	1.320114215102807576e+00	2.050241020428914540e-01
-4.070787260140905639e-01	7.567790831839226184e-01	-2.626297616737671703e-01	1.320118883903165674e+00	2.050309364608931817e-01
-4.070883934231249723e-01	7.567863589171377470e-01	-2.626154852255795369e-01	1.320116755980266232e+00	2.050331260426522806e-01
-4.070378415464857014e-01	7.568129269053629482e-01	-2.626316883584982609e-01	1.320120955792039918e+00	2.050251321517723158e-01
-4.070764617432637289e-01	7.568046006393980285e-01	-2.626014222519111319e-01	1.320125342541036861e+00	2.050246362577497206e-01
-4.070554775096709710e-01	7.567852273463467894e-01	-2.626313864164289691e-01	1.320152167843325897e+00	2.050252252496720662e-01
-4.070678592458318312e-01	7.568055138259029979e-01	-2.625752109690110969e-01	1.320120056973460132e+00	2.050321505976059333e-01
-4.070865754034049822e-01	7.567594525799606897e-01	-2.626296591675753578e-01	1.320118948749400278e+00	2.050265032750084870e-01
-4.070926545037981126e-01	7.568389142722399265e-01	-2.626344448858571323e-01	1.320117484168827460e+00	2.050262470644560464e-01
-4.070896743899514725e-01	7.568035903348672155e-01	-2.627110433690273417e-01	1.320123634758332054e+00	2.050245012997745642e-01
-4.070028593901386382e-01	7.568396928924672196e-01	-2.626358220215024852e-01	1.320129296935953933e+00	2.050277313703209592e-01
-4.070356867193889450e-01	7.568030438267757676e-01	-2.626407755117577958e-01	1.320120585688151715e+00	2.050251564454883269e-01
-4.070776001461449134e-01	7.568028769986711035e-01	-2.625918044862695089e-01	1.320120194430597360e+00	2.050223642657037215e-01
-4.070799009353044950e-01	7.568497543761394386e-01	-2.626325126340227634e-01	1.320145100436913133e+00	2.050167457312976338e-01
-4.070782659651166480e-01	7.567901417254458973e-01	-2.626530719093788657e-01	1.320077287752837725e+00	2.050463080747939315e-01
-4.070124376037971836e-01	7.567960667437504396e-01	-2.626377641064424062e-01	1.320122975113761088e+00	2.050240054325500605e-01
-4.071009322527599505e-01	7.567837049007455352e-01	-2.626230009491307138e-01	1.320107136362372202e+00	2.050258832654994201e-01
-4.071242432775112330e-01	7.568096373504897834e-01	-2.626333654861645051e-01	1.320123033399622337e+00	2.050216890150087512e-01
-4.071434669298455988e-01	7.567878105434583391e-01	-2.626425115314696135e-01	1.320109938221133872e+00	2.050158116747287096e-01
-4.070705034717665427e-01	7.568292292805448573e-01	-2.626284448364482049e-01	1.320125722841326787e+00	2.050486893555139578e-01
-4.071390080394023947e-01	7.568136054118939082e-01	-2.626344591787685423e-01	1.320120966075103874e+00	2.050237998533225026e-01
-4.071032998655138568e-01	7.568018527195455869e-01	-2.626411429039847700e-01	1.320121711198298353e+00	2.050249773267468212e-01
-4.070875302350526748e-01	7.568059999241942837e-01	-2.625968732968195218e-01	1.320118581440074657e+00	2.050336663536456439e-01
-4.070604613364784963e-01	7.567434334990766898e-01	-2.625929977032828155e-01	1.320120185798231427e+00	2.050375085660023355e-01
-4.070755184022948336e-01	7.568474839352897776e-01	-2.626239320063684102e-01	1.320122677041300596e+00	2.050158530264797885e-01
-4.070418688531678431e-01	7.568053882281748912e-01	-2.626274998183312226e-01	1.320121118054972564e+00	2.050265568124784166e-01
-4.070541175366679254e-01	7.568679834611108381e-01	-2.626336434916115015e-01	1.320129906272313969e+00	2.050140869905838492e-01
-4.070370976272462693e-01	7.568497234642013183e-01	-2.626304181811353056e-01	1.320123414533568518e+00	2.049935851321512958e-01
-4.070947244458389958e-01	7.568029441392126744e-01	-2.626261377561322496e-01	1.320131494224225932e+00	2.050036147271434017e-01
-4.070637696201923061e-01	7.568023273652974003e-01	-2.626244957457404827e-01	1.320122569946122093e+00	2.050252223314350808e-01
-4.070473355499843460e-01	7.567990948631756476e-01	-2.626097125638666152e-01	1.320117067728403537e+00	2.050206445940666589e-01
-4.069992291475586499e-01	7.568050335224709713e-01	-2.626084535783847485e-01	1.320120622398991639e+00	2.050267246182905789e-01
