-2.669715247029639804e-01	5.490321807273477184e-01	-2.190208700957106402e-01	8.183007339788788137e-01	1.758282004456565295e-01
-2.669053494170871565e-01	5.490008303148206092e-01	-2.190610377063136605e-01	8.183097918413712035e-01	1.758071480144325627e-01
-2.669687015979195777e-01	5.490337037063741654e-01	-2.190315710036715158e-01	8.183061593084653973e-01	1.758144690920337982e-01
-2.668995831889026671e-01	5.489689273212828846e-01	-2.190388750041700749e-01	8.183103572546449600e-01	1.758016924851757701e-01
-2.668411608314449901e-01	5.490183608521829184e-01	-2.190292072025810111e-01	8.183099968976332850e-01	1.758047646860718682e-01
-2.669243109498951605e-01	5.489778187512528440e-01	-2.190285943843846006e-01	8.183137962070069493e-01	1.757973091291055168e-01
-2.669863584375993804e-01	5.489962389879805560e-01	-2.190289677226132103e-01	8.183098319269620502e-01	1.758051558032828754e-01
-2.669904976886474657e-01	5.490192045697783740e-01	-2.190290653881974692e-01	8.183100846423181363e-01	1.758061080569635060e-01
-2.668642062802916159e-01	5.490181299070854282e-01	-2.190243187012095583e-01	8.183097506849812408e-01	1.758009209764074543e-01
-2.669438557606574336e-01	5.490118983924432428e-01	-2.190394787882180005e-01	8.182488258358241451e-01	1.758019852046711629e-01
-2.668650779062548550e-01	5.490186803240816316e-01	-2.190306438815525503e-01	8.183100405513715758e-01	1.758048789091496145e-01
-2.668333809399095480e-01	5.490221849040884949e-01	-2.190005410860701163e-01	8.183212233716558037e-01	1.758050011096877197e-01
-2.668912561132470440e-01	5.490357855578075208e-01	-2.189832273609799429e-01	8.182803644394283094e-01	1.758171789467699031e-01
-2.669258196856297838e-01	5.490124629065404882e-01	-2.190479737558863604e-01	8.183561067910478659e-01	1.758497514334997625e-01
-2.668866543714118467e-01	5.490979861998186440e-01	-2.190067320876721291e-01	8.183085195212118634e-01	1.758054909826055057e-01
-2.668877117402426169e-01	5.490206426640792392e-01	-2.190357672406328948e-01	8.183094933459820197e-01	1.758080204366251620e-01
-2.669066795795517755e-01	5.489769913186381967e-01	-2.190414709846537356e-01	8.183171392914866393e-01	1.757872981186462957e-01
-2.669260329058649739e-01	5.490826794334802141e-01	-2.190341748604634764e-01	8.183081049714797661e-01	1.758078935071233084e-01
-2.669500945030506278e-01	5.490035805548787451e-01	-2.190275034368286966e-01	8.183145659001191952e-01	1.758059821101871367e-01
-2.669559928827462958e-01	5.489790441374458041e-01	-2.190298374857106434e-01	8.183020885708790493e-01	1.757955863070130853e-01
-2.669379495036040550e-01	5.489904000334701051e-01	-2.190140822178283375e-01	8.183429624269770164e-01	1.758081431576704878e-01
-2.669220351808547220e-01	5.490708264659480697e-01	-2.189946196943106937e-01	8.183201377121018805e-01	1.757991629907029729e-01
-2.669081688574057032e-01	5.490219864167912300e-01	-2.190049245115709142e-01	8.182364187455757332e-01	1.758095483673457193e-01
-2.669635427989540122e-01	5.489816691246296454e-01	-2.190102457517640877e-01	8.183207337074950294e-01	1.757849505389086908e-01
-2.668928463209008228e-01	5.489842158065195710e-01	-2.191002211588147230e-01	8.183092968564666947e-01	1.757983054479176077e-01
-2.669259350391079422e-01	5.490108913202945695e-01	-2.190329082356785306e-01	8.182996175612125000e-01	1.758056857680248275e-01
-2.668756541799338633e-01	5.490475438260451480e-01	-2.190405924772487467e-01	8.183097313713206811e-01	1.758032205991857944e-01
-2.668574585915771125e-01	5.490544776561904206e-01	-2.190254782702827363e-01	8.183119714670081812e-01	1.757981768980294845e-01
-2.668982513944757051e-01	5.490845542300474280e-01	-2.190327858014398665e-01	8.183102660171691634e-01	1.758141034927869495e-01
-2.668728186108147438e-01	5.490268648118614703e-01	-2.190439117535265823e-01	8.183089722479531813e-01	1.758037243238667335e-01
-2.668810767402831630e-01	5.490044839754965045e-01	-2.190620035211533201e-01	8.183167916047850987e-01	1.757982706609514945e-01
-2.669075291228003577e-01	5.490221765872336235e-01	-2.190191422139544930e-01	8.183097176888400881e-01	1.758051400703923850e-01
-2.669104374997341989e-01	5.490330781773112845e-01	-2.190221570754057323e-01	8.183546880847585303e-01	1.758228217083193379e-01
-2.668506690434642170e-01	5.490179175813062473e-01	-2.190489765789605803e-01	8.183087752455532327e-01	1.758053247236724681e-01
-2.669151962902094888e-01	5.490203190279769885e-01	-2.190300689354772457e-01	8.183167546342370313e-01	1.758539223430244658e-01
-2.669388065805741728e-01	5.490280817700506910e-01	-2.190732659707169960e-01	8.183055958835510069e-01	1.757597638148552521e-01
-2.669164519315181394e-01	5.490258316045500964e-01	-2.190301157106897267e-01	8.183002881448051546e-01	1.758039691950614991e-01
-2.668770015166557208e-01	5.490062476687455062e-01	-2.190294381417356717e-01	8.183017142176367553e-01	1.758094822638274768e-01
-2.669863489268494150e-01	5.490310475684013758e-01	-2.190306937080468974e-01	8.183038488125806698e-01	1.758044393790412496e-01
-2.669599195238646083e-01	5.490229424815615822e-01	-2.190242384032119460e-01	8.183108813903174905e-01	1.758029515819074240e-01
-2.668835321410938932e-01	5.489714627099540056e-01	-2.190336441386682431e-01	8.183184211241021355e-01	1.758036459500779969e-01
-2.668973354485004168e-01	5.490088451265277003e-01	-2.190380856057326242e-01	8.183116968687766946e-01	1.758040802631761490e-01
-2.668699771653312292e-01	5.489513604154114823e-01	-2.189830117476124771e-01	8.183037622266312594e-01	1.758169679990098377e-01
-2.669079474543195052e-01	5.490045011178573686e-01	-2.190289451034979074e-01	8.183108728383774455e-01	1.758237833697798014e-01
-2.669883833008784846e-01	5.490189875710481671e-01	-2.190296261813167722e-01	8.183099290087239019e-01	1.758052169891519412e-01
-2.669147087076937375e-01	5.490157230312476822e-01	-2.190481532958579447e-01	8.182987926040594662e-01	1.758061414326715921e-01
-2.668396638059806758e-01	5.490276894156814746e-01	-2.190135816597808538e-01	8.182918206011761120e-01	1.758068833948487619e-01
-2.669009115314538438e-01	5.490537029537310154e-01	-2.190189178070151010e-01	8.183142856845123658e-01	1.757978917736535418e-01
-2.668901894195088165e-01	5.489580235672288921e-01	-2.190469858262576730e-01	8.183100842393744578e-01	1.757961100149008082e-01
-2.669246975523284493e-01	5.489996515184346615e-01	-2.190306725521895814e-01	8.183017112733914633e-01	1.757929128551570797e-01
-2.668750893862390505e-01	5.490177018255878449e-01	-2.189981543096699013e-01	8.183274367754517220e-01	1.758051910719573840e-01
-2.669748407883875130e-01	5.490266446938335543e-01	-2.190002682846088622e-01	8.183091802793994729e-01	1.758082082799963530e-01
-2.669138422776929920e-01	5.490043471286502053e-01	-2.190422982822613218e-01	8.183155205854454328e-01	1.758105700303006780e-01
-2.669648396427600212e-01	5.490262180165552675e-01	-2.190346333479358254e-01	8.183030105343551686e-01	1.758238571841812814e-01
-2.668285270704304768e-01	5.490115802910781051e-01	-2.190147692723853623e-01	8.183027583709306940e-01	1.757992398783572441e-01
-2.668813613959360453e-01	5.490196656072179326e-01	-2.190314626661443720e-01	8.183147362944690473e-01	1.758042759532222610e-01
-2.668829013445753739e-01	5.489918701109304244e-01	-2.190203845204503064e-01	8.183331790287114993e-01	1.758131034804172044e-01
-2.669044532307048856e-01	5.489655440334225700e-01	-2.190309147025476522e-01	8.183185976911758752e-01	1.758097956863018674e-01
-2.668798414402509533e-01	5.490514112732024499e-01	-2.190317333104143671e-01	8.183095464170148103e-01	1.758171307920887716e-01
-2.668870601892873728e-01	5.490520316717063531e-01	-2.190206104435894197e-01	8.183174377151454237e-01	1.758546156002784855e-01
-2.669283010928137356e-01	5.490174625403246855e-01	-2.189892757144290270e-01	8.183332138484621376e-01	1.758226748817956764e-01
-2.669040881529976539e-01	5.489803683903589082e-01	-2.190261221680267489e-01	8.183101267488388508e-01	1.758051670590131677e-01
-2.669337799500036135e-01	5.490118431336230564e-01	-2.190565112544269333e-01	8.183077653716063216e-01	1.758073045933977729e-01
-2.668565595097027177e-01	5.490446767844894271e-01	-2.190127138980856314e-01	8.183307416071691209e-01	1.757922932887227285e-01
-2.669743522514399503e-01	5.490350467435600734e-01	-2.190216999492175243e-01	8.183082402305580372e-01	1.757820574309159056e-01
-2.669495350417115942e-01	5.489772338603654545e-01	-2.190314669575509354e-01	8.183067335454297098e-01	1.758012043896805265e-01
-2.668415788500999031e-01	5.490203848028826217e-01	-2.190282485505611887e-01	8.183097927242524161e-01	1.758049172206218314e-01
-2.668503051778522983e-01	5.490776225741337280e-01	-2.190316147194999175e-01	8.183101026480588125e-01	1.758051492838291763e-01
-2.669647798422964402e-01	5.490183031913143941e-01	-2.190407295834921053e-01	8.183114465711021079e-01	1.758052473367104074e-01
-2.668720664821644384e-01	5.490255095865802515e-01	-2.190277997589955838e-01	8.183070805078747068e-01	1.758050255350113444e-01
-2.669541682658751469e-01	5.490069886269760557e-01	-2.190319054756447725e-01	8.183099403808798966e-01	1.758127653105104882e-01
-2.668603912366752651e-01	5.490177532678756078e-01	-2.190318057165930588e-01	8.183090697813788505e-01	1.758054266801103993e-01
-2.669246586914822972e-01	5.490061987539589516e-01	-2.190238369779141936e-01	8.183041812924408687e-01	1.758101210191427843e-01
-2.669073939870032497e-01	5.489960623791454442e-01	-2.190320926460213036e-01	8.183327897254563110e-01	1.758254335646286526e-01
-2.669031146293385781e-01	5.490758153728623192e-01	-2.190267458083222374e-01	8.182957114299972412e-01	1.757679155531098880e-01
-2.669352100368770353e-01	5.490127795769763619e-01	-2.190292772936690280e-01	8.183104606623370358e-01	1.758241414161557381e-01
-2.669438804163903334e-01	5.489940086239876171e-01	-2.190296837502100358e-01	8.183094166408386716e-01	1.758051777812350003e-01
-2.669503367581639308e-01	5.489915561107927555e-01	-2.190309860274151921e-01	8.183087103275012986e-01	1.757992391560313228e-01
-2.668601550546566004e-01	5.489704690435680545e-01	-2.190314752113186880e-01	8.183079333324566607e-01	1.758052185530113165e-01
-2.669042329520397439e-01	5.490568055491591437e-01	-2.189946182882032411e-01	8.183093127883097617e-01	1.758060117881488083e-01
-2.669812106600311652e-01	5.490451773990319140e-01	-2.190529727940453419e-01	8.183083948644246375e-01	1.757810216972171824e-01
-2.669206110522168163e-01	5.489933447533928979e-01	-2.190358945757657494e-01	8.182580949814387550e-01	1.758253721060169528e-01
-2.669107052104736644e-01	5.489549308025795105e-01	-2.190300174022192237e-01	8.183471707002955009e-01	1.758070577741346618e-01
-2.669023209802718899e-01	5.490023849447648319e-01	-2.190307764297934334e-01	8.183164260366380116e-01	1.758031268931149471e-01
-2.669690732824757662e-01	5.490229324951436674e-01	-2.190293063212615798e-01	8.183094570024441738e-01	1.758052107802213215e-01
-2.668811547815811425e-01	5.489993149049389176e-01	-2.190155321799523713e-01	8.183082571779446424e-01	1.757942719098254669e-01
-2.668641497142912322e-01	5.490077615741247863e-01	-2.190408797713223887e-01	8.183070893431046988e-01	1.757733667936870747e-01
-2.669025402542164471e-01	5.490218645280549037e-01	-2.190530334223061704e-01	8.182604348415816187e-01	1.758147677668024655e-01
-2.669226778336759032e-01	5.489679875803217257e-01	-2.189805588838227568e-01	8.183115307211306089e-01	1.758319217978560611e-01
-2.669274554019486212e-01	5.489972769982539580e-01	-2.190775944180639867e-01	8.182973548549458132e-01	1.757967262979261702e-01
-2.668973578387193180e-01	5.489741183216583220e-01	-2.190140108945457520e-01	8.183108389396386295e-01	1.757959647568534678e-01
-2.669053965429363240e-01	5.489537331824487776e-01	-2.189900032888783266e-01	8.183108063824439116e-01	1.758045976688331069e-01
-2.669087550565634737e-01	5.489697236551891457e-01	-2.189863629708121706e-01	8.183205424862739497e-01	1.757955369224192543e-01
-2.669267771750424845e-01	5.490565915936911345e-01	-2.190033089584701442e-01	8.183028290459007925e-01	1.758192454413003980e-01
-2.668997915386941977e-01	5.490062787986268455e-01	-2.190070698666874427e-01	8.183088084295448983e-01	1.758045765706250374e-01
-2.669894059727261904e-01	5.490195352043869548e-01	-2.190111455472480428e-01	8.183028270009701233e-01	1.758124775521404948e-01
-2.669454513598299994e-01	5.489758695519770804e-01	-2.190347677405631577e-01	8.183006180692388165e-01	1.758077421976240728e-01
-2.668957891703150898e-01	5.490246043412988497e-01	-2.190348976268332859e-01	8.183096586472480283e-01	1.757548847586352658e-01
-2.669829323440331414e-01	5.490633020279620524e-01	-2.190292757485717556e-01	8.183104342312663704e-01	1.758050212353379216e-01
-2.669158749267637187e-01	5.489711060112164587e-01	-2.190140421457259789e-01	8.183204189187466282e-01	1.757887506022114965e-01
-2.669049918033066238e-01	5.490214188411305374e-01	-2.190301156371431135e-01	8.183093253453598281e-01	1.758073955547704015e-01
-2.669092064060048508e-01	5.490617737354070993e-01	-2.190518232575018320e-01	8.183041968718295367e-01	1.758137186041996425e-01
-2.669271715838796299e-01	5.491038651580550933e-01	-2.190247444477576022e-01	8.183130177242817771e-01	1.758065138466186061e-01
-2.668822393010746863e-01	5.490164756039298544e-01	-2.190206191313953110e-01	8.183062855849496664e-01	1.758012789008743526e-01
-2.669418791648808797e-01	5.490687055441388909e-01	-2.190325816747737964e-01	8.183462852696363754e-01	1.758453416498266253e-01
-2.668970947802838389e-01	5.490247653925584004e-01	-2.190308552868689973e-01	8.183148849171517636e-01	1.758018000391856350e-01
-2.668952794545690899e-01	5.490258643304702924e-01	-2.190658228699931542e-01	8.183177417802275366e-01	1.757902868192033896e-01
-2.669061909575662361e-01	5.491016321665586064e-01	-2.190163190589586306e-01	8.183113257626880577e-01	1.758049755782978840e-01
-2.668969376877467492e-01	5.490015296839854120e-01	-2.190273569881946158e-01	8.183122068113800607e-01	1.757967858787036208e-01
-2.669427718153603579e-01	5.490926181546685880e-01	-2.190261970700914107e-01	8.183090674371031881e-01	1.758053757903982606e-01
-2.669271543871393759e-01	5.490131600112054810e-01	-2.190256517475948905e-01	8.183103102614280866e-01	1.757853654704362445e-01
-2.668187412760141264e-01	5.490133988486091132e-01	-2.190377724490349398e-01	8.183087648613108778e-01	1.758131499010435472e-01
-2.669399690236869960e-01	5.489770447038618828e-01	-2.189939792972989685e-01	8.182955670149247851e-01	1.757950801517370876e-01
-2.668732259061364909e-01	5.489968609868819405e-01	-2.190294709142119600e-01	8.183035254413520976e-01	1.758047575781244154e-01
-2.669773738903624127e-01	5.489954217424614091e-01	-2.190143528391131078e-01	8.183140175202048283e-01	1.758109783720943065e-01
-2.669645609600443392e-01	5.489934026531806399e-01	-2.190338549175729621e-01	8.183086602320224223e-01	1.758060231331274315e-01
-2.669727023829870927e-01	5.490166317980617050e-01	-2.190168782328433539e-01	8.183127241534929874e-01	1.758029354694756463e-01
-2.669350110442170187e-01	5.490393859191993187e-01	-2.190297072542617129e-01	8.183279206492594104e-01	1.757793129233979901e-01
-2.669056933183138192e-01	5.490404783303604042e-01	-2.190227081163093614e-01	8.183045139664276713e-01	1.757991266301432709e-01
-2.669482603198979898e-01	5.490189406281792417e-01	-2.190318136139269289e-01	8.183101134890224948e-01	1.758043175461483365e-01
-2.669085890545004891e-01	5.490196809662458710e-01	-2.190668660004689849e-01	8.183095441276468929e-01	1.758053153279433289e-01
-2.669014363198266016e-01	5.490323356305909508e-01	-2.190351049670411498e-01	8.183098175875220814e-01	1.758043348161223152e-01
-2.668297348192802954e-01	5.490385800123251947e-01	-2.190088890376418185e-01	8.183067513514798996e-01	1.758084297651331396e-01
-2.669247553784008797e-01	5.490296562145736692e-01	-2.189774137911761065e-01	8.182952175242704795e-01	1.757976281733729385e-01
-2.669087373551827236e-01	5.490396787893737640e-01	-2.189866107970531717e-01	8.183098432989895921e-01	1.758243701317975249e-01
-2.669674175832545404e-01	5.490181837708089096e-01	-2.190293706649893146e-01	8.183106055036938331e-01	1.758033666959582519e-01
-2.669828958524509410e-01	5.490094059269983173e-01	-2.190316173167214109e-01	8.183099322167833867e-01	1.758054550877640454e-01
-2.668873720522953463e-01	5.490157279561203030e-01	-2.190295681141058992e-01	8.183092289729168023e-01	1.758148040118986399e-01
-2.669201135178000950e-01	5.490362785310644034e-01	-2.190308012652665282e-01	8.183143673692564457e-01	1.758059239055046463e-01
-2.668997359113980394e-01	5.489936618957024228e-01	-2.190202434639761664e-01	8.183160743940408599e-01	1.758076533776961048e-01
-2.669523605941659938e-01	5.490135831625129192e-01	-2.190302792168407620e-01	8.183103148656529768e-01	1.758048074915877224e-01
-2.668788035928738034e-01	5.490066254803629420e-01	-2.190562920814999315e-01	8.183040638310773440e-01	1.758001546111471192e-01
-2.669337112267730072e-01	5.490263677717973634e-01	-2.190302468321018714e-01	8.183079410676810106e-01	1.758041220862237297e-01
-2.669574534514140285e-01	5.489617370753840930e-01	-2.190289440988753000e-01	8.183107160747251640e-01	1.758039800181336043e-01
-2.669495336691744547e-01	5.490460614786092375e-01	-2.190317988583070086e-01	8.183082564596165787e-01	1.758005163957238881e-01
-2.669601289297397484e-01	5.489674827583693739e-01	-2.190296173254387413e-01	8.183105458384094533e-01	1.758087268085009314e-01
-2.669088398279416685e-01	5.490717247428551495e-01	-2.190280029085429070e-01	8.183106306232833527e-01	1.758051690860645833e-01
-2.668712424451497034e-01	5.490697368038440773e-01	-2.190309296221260027e-01	8.183115625921856262e-01	1.758153225829312549e-01
-2.668974038462556542e-01	5.490453174375642398e-01	-2.190277480546722055e-01	8.183109900196332553e-01	1.758029800356432082e-01
-2.669239201067712952e-01	5.490300164895630664e-01	-2.190809524763886740e-01	8.183055940572918630e-01	1.758117817271128702e-01
-2.669474575424896079e-01	5.490149295828083975e-01	-2.190483241868502740e-01	8.183141992082717531e-01	1.758206502114019742e-01
-2.668934342000103821e-01	5.490206689392194139e-01	-2.190086234258351860e-01	8.182674175734898636e-01	1.758096686782382179e-01
-2.668679676976496440e-01	5.490157096835465156e-01	-2.190294006593077047e-01	8.183091240617835771e-01	1.758072819168141898e-01
-2.669245288118201609e-01	5.490202102798279471e-01	-2.190208162291396587e-01	8.183114901744261704e-01	1.758180427958728476e-01
-2.668636541912167148e-01	5.489618298100324978e-01	-2.190293646131299676e-01	8.183099952291553736e-01	1.758053712765902943e-01
-2.669482211585914588e-01	5.490132405266264781e-01	-2.190002041113665865e-01	8.183099991136802975e-01	1.757658112938201567e-01
-2.669050603729287707e-01	5.490522090640911346e-01	-2.190698801839348342e-01	8.183093029589820766e-01	1.758158119157049448e-01
-2.669020286925082308e-01	5.490151322360378172e-01	-2.190069604615336452e-01	8.183001963613090179e-01	1.758431589296102771e-01
-2.668991212341867980e-01	5.490191284465346655e-01	-2.190690051113064751e-01	8.183228962591032607e-01	1.757553139907055140e-01
-2.669083952454840425e-01	5.489948474965792302e-01	-2.190945008383777259e-01	8.182856813273738927e-01	1.758174501834320058e-01
-2.669340439329119241e-01	5.489436236449524165e-01	-2.190350232398633468e-01	8.183084924113983583e-01	1.758056729312952315e-01
-2.668632422054861841e-01	5.490324016863418199e-01	-2.190297167479098861e-01	8.183058424297255939e-01	1.757823445940808194e-01
-2.669072616812508403e-01	5.490157751412111375e-01	-2.190190487795617424e-01	8.182942523059948403e-01	1.758036012267108483e-01
-2.669124299154763125e-01	5.490721203941709705e-01	-2.190341927075193651e-01	8.182839419971893458e-01	1.758136712596016782e-01
-2.669529593599853645e-01	5.490081604485036459e-01	-2.190288299996816235e-01	8.183121085337740075e-01	1.758055480460207209e-01
-2.669281617435728671e-01	5.490114561554995110e-01	-2.190540845790759361e-01	8.182591181638969591e-01	1.758086761247617535e-01
-2.669236359390339541e-01	5.490182057047063857e-01	-2.190441399335682771e-01	8.183118179656179159e-01	1.757997198804638339e-01
-2.668866325220777269e-01	5.489714385632208371e-01	-2.190503049541397962e-01	8.183082268025975159e-01	1.758027653808222623e-01
-2.669338057689176202e-01	5.490413405146630232e-01	-2.190272757714185892e-01	8.183065695695415087e-01	1.758084874578616508e-01
-2.669218575335101651e-01	5.490658771259382398e-01	-2.190562447907982713e-01	8.182774443055627067e-01	1.758041853677624888e-01
-2.669187778052344862e-01	5.489599096303138248e-01	-2.190289242535277126e-01	8.182988468068602694e-01	1.758051280579287501e-01
-2.669139533961755739e-01	5.490183904465572029e-01	-2.190292823191679339e-01	8.183092987328228762e-01	1.758050213668661821e-01
-2.669258668724114325e-01	5.490401716207597982e-01	-2.191025572445825242e-01	8.183065820733966822e-01	1.758026220976967868e-01
-2.669222650064619895e-01	5.490150187934622616e-01	-2.190301705071751315e-01	8.183047636513198775e-01	1.758647831707240150e-01
-2.669265643158739154e-01	5.490199147394617674e-01	-2.189911365772712615e-01	8.183111700726093396e-01	1.758171662418645531e-01
-2.668587853933940823e-01	5.490198723413972637e-01	-2.190274039731589240e-01	8.183100058666806786e-01	1.758051788870895749e-01
-2.668972993439641672e-01	5.490213823042490171e-01	-2.190307802013647664e-01	8.183163023659626445e-01	1.758074843682547184e-01
-2.668101984023258377e-01	5.490229239243714643e-01	-2.190279481671668360e-01	8.183100167971909533e-01	1.758052902876224288e-01
-2.668640395918973618e-01	5.490437839915522922e-01	-2.190323822585436286e-01	8.182945341287332086e-01	1.757398280171283689e-01
-2.669293757324644467e-01	5.489997915872554257e-01	-2.190290647441206773e-01	8.183075532704361388e-01	1.757952352804672547e-01
-2.668835588929006075e-01	5.490306602644490219e-01	-2.190406759715014806e-01	8.183092200888024692e-01	1.758226491890364229e-01
-2.669633490937177167e-01	5.489937412491729951e-01	-2.190269687679649024e-01	8.183166117159700326e-01	1.758171772898286245e-01
-2.668843188008476752e-01	5.490153389362959491e-01	-2.190488326754405080e-01	8.182864497843349572e-01	1.758080340790449947e-01
-2.668880204095205322e-01	5.490430584870230613e-01	-2.190158492910649346e-01	8.183062704842236634e-01	1.757983053856528866e-01
-2.668929744260473691e-01	5.490912098474117764e-01	-2.189888380430316528e-01	8.183102932899006809e-01	1.758072987430694956e-01
-2.669171590158201934e-01	5.489977033044364241e-01	-2.190380190309640929e-01	8.183055823185422240e-01	1.758057532610265428e-01
-2.669304102925855182e-01	5.489916817161903939e-01	-2.190190628736637390e-01	8.183025439748791152e-01	1.758052542091532999e-01
-2.670070798357155328e-01	5.490147085208673117e-01	-2.190292945706848182e-01	8.183100864103154404e-01	1.758048631326848410e-01
-2.669601323529876002e-01	5.490116323329149450e-01	-2.190349591569635823e-01	8.183073028940971438e-01	1.758016362957375567e-01
-2.668934370773511366e-01	5.490412890841609439e-01	-2.190195053189347152e-01	8.183265975914173485e-01	1.758031373916987550e-01
-2.669244003095554985e-01	5.490251517671188575e-01	-2.190261507459839163e-01	8.183096229652019327e-01	1.758058266841591721e-01
-2.668674038458260234e-01	5.490585821537742328e-01	-2.190187268304834844e-01	8.183517162377863530e-01	1.758045740006732027e-01
-2.669027430542886270e-01	5.490289826947477581e-01	-2.189948629234783062e-01	8.182696846196734208e-01	1.758162602090460602e-01
-2.668082784153611442e-01	5.490190545705047054e-01	-2.190220113963555482e-01	8.183108369583013131e-01	1.758063205701410336e-01
-2.668783736481871172e-01	5.490342706482619350e-01	-2.190168932307068050e-01	8.183013628698327935e-01	1.758216895832543925e-01
-2.669461959578520727e-01	5.490203078894987376e-01	-2.189686482226859410e-01	8.183123824452873674e-01	1.757977214748009387e-01
-2.669977954761285632e-01	5.490083053620341547e-01	-2.190284912874346512e-01	8.183093122720971335e-01	1.758045328010129915e-01
-2.669070158443570540e-01	5.489780262889139006e-01	-2.189788922227716705e-01	8.183160668710719454e-01	1.758016091661081248e-01
-2.669286658676503499e-01	5.490410071749216581e-01	-2.190240713138529305e-01	8.183711958941142228e-01	1.758420073842660580e-01
-2.669028130261211218e-01	5.490259475592450533e-01	-2.190300092486007488e-01	8.183112169770149213e-01	1.758091375792760758e-01
-2.669397469665253375e-01	5.490239805104623061e-01	-2.190657755887210900e-01	8.183306032437314137e-01	1.757865778980340077e-01
-2.668440662082846027e-01	5.490173390679766730e-01	-2.190231976334604813e-01	8.183130876209484539e-01	1.757999535244164635e-01
-2.669065174539100305e-01	5.490016043390603118e-01	-2.190117155685463446e-01	8.183119354107089016e-01	1.758004300608563553e-01
-2.669572309145056277e-01	5.490062877115028384e-01	-2.190293461399876185e-01	8.183095406831745189e-01	1.758056220593321450e-01
-2.669299152824686772e-01	5.490905653607908166e-01	-2.190417966278951911e-01	8.183086403758772498e-01	1.758126668817546756e-01
-2.669075350999852159e-01	5.490765367123965346e-01	-2.190292034707303770e-01	8.183113411643271329e-01	1.757979602373902772e-01
-2.669000760423169138e-01	5.490796591310701524e-01	-2.190214486208147682e-01	8.182995450596709519e-01	1.758044910315682829e-01
-2.668283468312305229e-01	5.490145590529788011e-01	-2.190295242565564460e-01	8.183094156324584034e-01	1.758055418274181159e-01
-2.669342129744686765e-01	5.490746485488676720e-01	-2.190435287669444675e-01	8.183163831497286544e-01	1.758117226389270260e-01
-2.669072771560165869e-01	5.490324341676044995e-01	-2.190210731501059938e-01	8.183091741772494654e-01	1.758116184586837050e-01
-2.668915071999349853e-01	5.490188862562461747e-01	-2.190289938994058883e-01	8.183099912639983931e-01	1.758051700106999793e-01
-2.669031266024778914e-01	5.490265351250480652e-01	-2.190141699754963034e-01	8.183082447257157277e-01	1.757930223266174208e-01
-2.669548856569971540e-01	5.490524101271510027e-01	-2.190354311313781610e-01	8.183093242993941807e-01	1.758196236249301159e-01
-2.669136683504038654e-01	5.490112783341698499e-01	-2.190758647380409430e-01	8.182979298247256006e-01	1.757667150630290442e-01
-2.669324943017640783e-01	5.490125108076427951e-01	-2.190268286913532592e-01	8.182957247142349511e-01	1.757978753837505792e-01
-2.669153760907427286e-01	5.490244683957729022e-01	-2.190547852663565498e-01	8.183069623684382510e-01	1.758065436932811643e-01
-2.668668198927244828e-01	5.490052706830867990e-01	-2.190510045187309407e-01	8.183090017255715276e-01	1.758058901867518009e-01
-2.668623349071741480e-01	5.489896810269571104e-01	-2.190297064439472308e-01	8.183321955291456007e-01	1.757849397205987763e-01
-2.668756908285068175e-01	5.490495077111937627e-01	-2.189801073524942909e-01	8.183180131569567362e-01	1.758116817811751220e-01
-2.669071971302310886e-01	5.489828720627335512e-01	-2.190372401142910985e-01	8.183127713155420313e-01	1.758052429412947926e-01
-2.668894524979915639e-01	5.490268737612536976e-01	-2.190239477274882607e-01	8.183119870411743602e-01	1.757998132529635382e-01
-2.668708767725541664e-01	5.490138536934723312e-01	-2.190189960539312974e-01	8.183530765068981472e-01	1.758713761731941494e-01
-2.668956147915733101e-01	5.489908728912051838e-01	-2.190299196100225221e-01	8.183100622769665655e-01	1.758092596572300992e-01
-2.668221395404102303e-01	5.490293389086674525e-01	-2.190292779570385540e-01	8.183099826245120445e-01	1.758055456729820387e-01
-2.669918618311011849e-01	5.490178972854192763e-01	-2.190292906831285691e-01	8.183100013424752239e-01	1.758051722361909375e-01
-2.669634129417999824e-01	5.490271884706103833e-01	-2.190053959799297678e-01	8.183104769606222018e-01	1.758039775729543785e-01
-2.669718491602068866e-01	5.490149632754771636e-01	-2.190251818426123265e-01	8.183106884039030859e-01	1.757921361659354476e-01
-2.668845154182052370e-01	5.490661734480069001e-01	-2.190301407020855129e-01	8.183099106642847120e-01	1.758058678831724286e-01
-2.669136205633489412e-01	5.490415614798012101e-01	-2.190741845247316522e-01	8.182900012859858352e-01	1.758036110207698288e-01
-2.668781171817370956e-01	5.490651673267781252e-01	-2.190177478758540131e-01	8.182815169056004700e-01	1.758047499382067447e-01
-2.669811218557353594e-01	5.490078681631798130e-01	-2.190103054326744958e-01	8.183047763751952752e-01	1.758212674571191514e-01
-2.668780624959740666e-01	5.490265664361707598e-01	-2.190487702290268845e-01	8.183085294844344437e-01	1.758263184355027542e-01
-2.668741229340603205e-01	5.490641840665829720e-01	-2.190284317270700387e-01	8.183053470397051443e-01	1.758049157386296912e-01
-2.669691711867923090e-01	5.490154083575711219e-01	-2.190184401894745281e-01	8.182930613416324883e-01	1.757977211183963939e-01
-2.668962267090271845e-01	5.490269890470466096e-01	-2.190378583348876196e-01	8.183159937814250551e-01	1.758032660093797328e-01
-2.669257789935590708e-01	5.490588626667112226e-01	-2.190761877928733559e-01	8.183121195768010558e-01	1.758232222776897891e-01
-2.668758618233801339e-01	5.490050486686660625e-01	-2.190292549357513441e-01	8.183036946022707037e-01	1.758051265488896897e-01
-2.669008185909698128e-01	5.490416082229140349e-01	-2.190318376798141842e-01	8.183070930340149429e-01	1.758090609545273908e-01
-2.668424532646139768e-01	5.489907280851152871e-01	-2.190299258834416396e-01	8.183102737785868941e-01	1.758059050197027517e-01
-2.668902316890112147e-01	5.489693133068882513e-01	-2.190202432838073698e-01	8.183064316193631171e-01	1.758043842876031992e-01
-2.669050758885187502e-01	5.490621720290159713e-01	-2.190223445956556436e-01	8.182861844708864130e-01	1.758248146294380532e-01
-2.668654619241728199e-01	5.490193915968493155e-01	-2.190296515134767807e-01	8.183105781640472864e-01	1.758051577426704981e-01
-2.669202900213611951e-01	5.490557770984150210e-01	-2.190254854804167817e-01	8.183099249246144069e-01	1.758088101710166273e-01
-2.669039452972490900e-01	5.489736182752772420e-01	-2.190435771689459021e-01	8.183197957375536458e-01	1.758110584936169729e-01
-2.668903302399752708e-01	5.490061016948444284e-01	-2.190285430711235437e-01	8.182931967312200294e-01	1.758034156949487004e-01
-2.668361466577424679e-01	5.490336103651498600e-01	-2.190329319413870102e-01	8.183104676974951586e-01	1.758042258903412258e-01
-2.669014765567234715e-01	5.490260300680445127e-01	-2.190193770161250053e-01	8.183089672732548614e-01	1.758061469887513828e-01
-2.669344591454060334e-01	5.490112179632229417e-01	-2.190058738213435940e-01	8.183158339083609345e-01	1.758014655356838207e-01
-2.669939165425048166e-01	5.490417612996650876e-01	-2.190291855992434200e-01	8.183098476967397561e-01	1.758052249109572363e-01
-2.669301988783238100e-01	5.490282257732456150e-01	-2.190601439934033723e-01	8.182999547021254649e-01	1.758068761352591380e-01
-2.669215844600742460e-01	5.490755024750590962e-01	-2.190399767589856772e-01	8.182963727350121008e-01	1.758227298204980416e-01
-2.668784108174769854e-01	5.490189894444963414e-01	-2.190418912231698323e-01	8.182814069517939659e-01	1.758040482071050459e-01
-2.669694769218112218e-01	5.490223941733870516e-01	-2.190242858988008801e-01	8.183173150836621224e-01	1.758037170114514769e-01
-2.669220318859267249e-01	5.490045184766820796e-01	-2.190272631238674994e-01	8.182636697120212466e-01	1.758237175754755743e-01
-2.669168687683827756e-01	5.490005230239037859e-01	-2.190313750093549616e-01	8.182543800741001183e-01	1.758081897741547994e-01
-2.668613136113444639e-01	5.490322541882163287e-01	-2.190304760446218080e-01	8.183099594878399108e-01	1.758052428107340082e-01
-2.669237495010478578e-01	5.489903037253751616e-01	-2.189971446594400073e-01	8.183115675515919563e-01	1.758031210448253168e-01
-2.669116471315833850e-01	5.490226816166011714e-01	-2.191014429235352556e-01	8.183023139382189504e-01	1.758001372371784943e-01
-2.669227780999609556e-01	5.490237727878964913e-01	-2.190140594902326709e-01	8.182904513220675691e-01	1.758089040135521475e-01
-2.668599355698529352e-01	5.490141076020974564e-01	-2.190362387096441432e-01	8.183311087461687672e-01	1.758090013683845099e-01
-2.669076858382021800e-01	5.490105684182912116e-01	-2.189912735360503293e-01	8.183271199697323972e-01	1.757988614361775948e-01
-2.668465880758025821e-01	5.490183070981874414e-01	-2.190290713213337570e-01	8.183095727780131945e-01	1.758052766575400883e-01
-2.668496917459916018e-01	5.490200727873876252e-01	-2.190285520666147567e-01	8.183101613648668948e-01	1.758051545605121280e-01
-2.669225650084514623e-01	5.490210609558966448e-01	-2.190448319929779730e-01	8.183445649589603521e-01	1.757924700293189424e-01
-2.669269331102462339e-01	5.490161009795466729e-01	-2.191177846628224180e-01	8.183108064581242624e-01	1.758096447227032733e-01
-2.669871634728133714e-01	5.490186456079418909e-01	-2.190286572375708951e-01	8.183095973148829527e-01	1.758053155276665946e-01
-2.668391487719738442e-01	5.490200150853088434e-01	-2.190292822543459528e-01	8.183099622872214152e-01	1.758051544519056431e-01
-2.669088081575336502e-01	5.491158114827895398e-01	-2.190271369611953012e-01	8.183106413814570379e-01	1.757995325801431641e-01
-2.669148175143242208e-01	5.490083134153563860e-01	-2.190289874311844576e-01	8.183101097352660780e-01	1.758051564823919499e-01
-2.669111983592969972e-01	5.490172943145574802e-01	-2.189349453843152660e-01	8.183189890421097568e-01	1.757991645964974425e-01
-2.668422639750378522e-01	5.490229027793046557e-01	-2.189836464788531833e-01	8.183063024858848733e-01	1.757965514324259237e-01
-2.669517347235669247e-01	5.490359789830561166e-01	-2.190314333600198171e-01	8.183185384912637916e-01	1.758030984164675181e-01
-2.668394365394863854e-01	5.490225328013113026e-01	-2.190292521553862115e-01	8.183098396766580462e-01	1.758051838766978570e-01
-2.668495011838089570e-01	5.490334535402698890e-01	-2.190285607665850565e-01	8.182835755242263698e-01	1.758069398373287018e-01
-2.669579015608198325e-01	5.490369929241645242e-01	-2.190219040828532970e-01	8.182880604795745860e-01	1.758343960367864389e-01
-2.668865029788546339e-01	5.490234259953242768e-01	-2.190211592231088022e-01	8.183051823804998737e-01	1.758151834002422143e-01
-2.669062267869520833e-01	5.490035847053774676e-01	-2.190517576219486451e-01	8.183088701010015065e-01	1.758051364295210028e-01
-2.669080160695071480e-01	5.490666417019839374e-01	-2.190211771537169672e-01	8.182782556396178686e-01	1.758149117565151742e-01
-2.669079132937049459e-01	5.490493018207160958e-01	-2.190167364443348086e-01	8.183098311922282209e-01	1.758154321151339516e-01
-2.669389510408352040e-01	5.491022942536941676e-01	-2.190285890589303841e-01	8.183055985620620865e-01	1.758050697424473618e-01
-2.669390183781645831e-01	5.489543075015298479e-01	-2.190288815071309014e-01	8.183108013886318810e-01	1.758040821946479371e-01
-2.668242813326414109e-01	5.490119801512939324e-01	-2.190317480806591721e-01	8.183094693830933464e-01	1.757822091160640698e-01
-2.669819318299436195e-01	5.490179747206210825e-01	-2.190295100561713004e-01	8.183107097426597365e-01	1.758049412445276682e-01
-2.669373316173617727e-01	5.490135640102549175e-01	-2.190230518543163085e-01	8.183198835867820931e-01	1.757732428401751756e-01
-2.669259757220909801e-01	5.490347823908704461e-01	-2.190673462189724474e-01	8.182883968920886542e-01	1.757626192467695303e-01
-2.668473445712987169e-01	5.490336383939029563e-01	-2.190319263450688780e-01	8.183128220710711442e-01	1.757891904525181459e-01
-2.670029305736253966e-01	5.490256943269810064e-01	-2.190317331639284049e-01	8.183117232539697250e-01	1.758009394337507192e-01
-2.669778341999122784e-01	5.489917539209608899e-01	-2.190532671232585937e-01	8.183088001720574267e-01	1.758131430417757823e-01
-2.668733191003614391e-01	5.490239889920118799e-01	-2.190162728001037173e-01	8.183106294085896737e-01	1.758048698048556013e-01
-2.668992660891738034e-01	5.490280961356565070e-01	-2.190264454363106961e-01	8.183108310580017308e-01	1.758521598806404573e-01
-2.668724690669576072e-01	5.490218719227197841e-01	-2.190206510755777214e-01	8.182870590700489499e-01	1.757870121898444105e-01
-2.669511576097408079e-01	5.490333545849863661e-01	-2.190407034911341366e-01	8.183092614191351810e-01	1.757997961399245523e-01
-2.669355853993836680e-01	5.490328363115087873e-01	-2.190409455076822165e-01	8.183230941390842172e-01	1.758000991394308987e-01
-2.669141256405632712e-01	5.489822959431434057e-01	-2.190351365869646905e-01	8.183094836635163016e-01	1.758041441270713490e-01
-2.669171105248122067e-01	5.490510624862767752e-01	-2.190231078566503009e-01	8.183082015415200638e-01	1.757689723738917464e-01
-2.669268691412169381e-01	5.490312461356682272e-01	-2.190296578548807382e-01	8.182964168658796167e-01	1.758030281510951365e-01
-2.669113796432751040e-01	5.490223354632892683e-01	-2.190286083269367967e-01	8.183099344142683584e-01	1.758051786193761956e-01
-2.669115706505808538e-01	5.490287424955250239e-01	-2.190289163328311695e-01	8.183027829183521229e-01	1.757517124407786124e-01
-2.669200427161895761e-01	5.490234009992014386e-01	-2.190459742265371823e-01	8.182983117775399773e-01	1.757882798981260375e-01
-2.668768092773532996e-01	5.490554979860602369e-01	-2.190190639083898216e-01	8.183120226939561981e-01	1.758051317796858470e-01
-2.668269397443782109e-01	5.490289644050315720e-01	-2.190283574265236011e-01	8.183267397763064332e-01	1.758048051968609526e-01
-2.668920299649366612e-01	5.490485299969880550e-01	-2.190505113242324775e-01	8.183217240487203892e-01	1.758047903272651757e-01
-2.668863729280326891e-01	5.489707018949172568e-01	-2.190159523861906210e-01	8.183054781801692990e-01	1.757821653534958894e-01
-2.669278274175022614e-01	5.490427177290585492e-01	-2.189765507717056081e-01	8.183046099029862575e-01	1.757899530641711117e-01
-2.670023710647774773e-01	5.490085646369570194e-01	-2.190350943706952380e-01	8.183093869073934101e-01	1.757984874564315902e-01
-2.668948441832567631e-01	5.490285608450605759e-01	-2.190714064712813158e-01	8.183297350809048964e-01	1.758265626466761211e-01
-2.668584012097219293e-01	5.490459613032853126e-01	-2.190294253803860836e-01	8.183154224411008926e-01	1.758047916684524203e-01
-2.669889884600751828e-01	5.490156985637404397e-01	-2.190371897051799355e-01	8.183103183955479087e-01	1.758095562677396417e-01
-2.668829114605116293e-01	5.490266226097174629e-01	-2.190316187038736095e-01	8.182790217336481930e-01	1.758083574622271439e-01
-2.668995341401056987e-01	5.490208224224475408e-01	-2.190549347132453861e-01	8.183110653384140232e-01	1.758081238802869928e-01
-2.668166967006316281e-01	5.490449516930980822e-01	-2.190312050708022595e-01	8.183050235506592607e-01	1.758119324501908332e-01
-2.669258452701155360e-01	5.490631245258447146e-01	-2.189880053767162271e-01	8.182891163625052311e-01	1.757804896408826367e-01
-2.669543437907188066e-01	5.490113422558574596e-01	-2.190331924868893221e-01	8.183104333134475494e-01	1.758051808612222655e-01
-2.669060881483779069e-01	5.490533672057998915e-01	-2.190170971190825155e-01	8.182852874234923801e-01	1.758195388749013155e-01
-2.669589831229935983e-01	5.489523487249441391e-01	-2.190338097037642096e-01	8.183126190276310830e-01	1.758044279683966815e-01
-2.669061684522172073e-01	5.490267558818302529e-01	-2.190596201452521818e-01	8.183410342321110198e-01	1.758064297334319126e-01
-2.668443793892470439e-01	5.489933467087683150e-01	-2.190254739894378078e-01	8.183053312747846642e-01	1.757981366825776270e-01
-2.668551764460678766e-01	5.490572336538089848e-01	-2.190018843589726372e-01	8.182942075788052216e-01	1.758074664230049322e-01
-2.668826704025052954e-01	5.490235852112406167e-01	-2.189941612340993993e-01	8.182835449509858750e-01	1.757815675408556100e-01
-2.669007366376252577e-01	5.490124881927517242e-01	-2.190330351133485398e-01	8.183120960219139040e-01	1.757972392413741369e-01
-2.669121290693483028e-01	5.490542198788501693e-01	-2.190302383780013962e-01	8.183079804091604181e-01	1.758054682683648784e-01
-2.668951029374899142e-01	5.490558863545957902e-01	-2.189917673734514958e-01	8.183099290314039820e-01	1.758055829937944237e-01
-2.669549574069022269e-01	5.490113347421705647e-01	-2.190325668567471296e-01	8.182913005141242424e-01	1.758024886433167122e-01
-2.669470906808437682e-01	5.490063169439504120e-01	-2.190294418665232057e-01	8.183108251289694657e-01	1.758051430635682311e-01
-2.669684948829525450e-01	5.489569078104759026e-01	-2.190559421848957133e-01	8.183099088568320800e-01	1.758181906505679737e-01
-2.668962132320523706e-01	5.489754783741049859e-01	-2.190242842502567733e-01	8.182946438888374363e-01	1.758470655439022257e-01
-2.669053636262368467e-01	5.490729210638689572e-01	-2.190275562013466182e-01	8.183083193425855217e-01	1.758052677506616868e-01
-2.669058281616544237e-01	5.490657320162589672e-01	-2.190311957245049401e-01	8.183212860117855536e-01	1.757721039350977343e-01
-2.669349977712119903e-01	5.490819688145417432e-01	-2.190292888904479818e-01	8.183058951993229524e-01	1.758048483256670069e-01
-2.669422828867772934e-01	5.490182053584410360e-01	-2.190294777094017320e-01	8.183113610874598320e-01	1.758044310979749725e-01
-2.668941598666129678e-01	5.489973201836773065e-01	-2.190379262042315422e-01	8.183017329491745206e-01	1.757657505672176601e-01
-2.669102968005820919e-01	5.490245820334824778e-01	-2.190334956864954108e-01	8.183089581725145889e-01	1.758046343863516325e-01
-2.668677163645821193e-01	5.490491568886822771e-01	-2.190239040202401066e-01	8.182987532554850674e-01	1.758058984253805801e-01
-2.668557702070651350e-01	5.490387030850869543e-01	-2.190306723807631528e-01	8.183115684586331762e-01	1.758086173075353031e-01
-2.669126978468170930e-01	5.489937361139675120e-01	-2.190351485874062198e-01	8.183093145250840417e-01	1.758058885755739154e-01
-2.669208410766111816e-01	5.489814748143863055e-01	-2.189962805619038999e-01	8.183129676850078305e-01	1.758238640898664995e-01
-2.668687315587158770e-01	5.489990052366824358e-01	-2.190363726569528047e-01	8.182920358736610611e-01	1.757971828622818811e-01
-2.668485487813424539e-01	5.490175001088839490e-01	-2.190295189425230382e-01	8.183132627231854972e-01	1.758010479646615054e-01
-2.669054811211146738e-01	5.490346168702076035e-01	-2.190351413126262192e-01	8.183144328765991071e-01	1.758073908699759047e-01
-2.669147642824073463e-01	5.490193712360149636e-01	-2.190079693984844922e-01	8.183144822038701527e-01	1.757989394001923666e-01
-2.669166816358116145e-01	5.490193130297577051e-01	-2.190308711496384564e-01	8.183104851177829264e-01	1.758048798424168002e-01
-2.668986889794950912e-01	5.489979745456528004e-01	-2.190294661095503193e-01	8.183215368831220360e-01	1.757990456843089300e-01
-2.668377934201980328e-01	5.490123049347702677e-01	-2.190302581993727737e-01	8.183099220645594363e-01	1.758051630278919530e-01
-2.669366680120556223e-01	5.490583389734305930e-01	-2.190165342795022396e-01	8.183097024221965832e-01	1.758206974683302892e-01
-2.669551762643482817e-01	5.490324830208556106e-01	-2.190368050894891672e-01	8.183122789612509163e-01	1.758066661850894441e-01
-2.668645980181980071e-01	5.489375665794361536e-01	-2.190372873290521438e-01	8.183063412593614139e-01	1.757960388311060329e-01
-2.668658274511488404e-01	5.490163918577273261e-01	-2.190283500521166549e-01	8.183098436591634828e-01	1.758048791835150337e-01
-2.669536853766948381e-01	5.490144515925877711e-01	-2.190296210145452060e-01	8.183098762502865053e-01	1.758049831713922040e-01
-2.669088295283395529e-01	5.489989228769390772e-01	-2.190400949922531038e-01	8.182572286178886323e-01	1.757485511938556011e-01
-2.668823277104212521e-01	5.490101751378814177e-01	-2.190420405136969395e-01	8.183088903414070803e-01	1.758091169188805702e-01
-2.669753883596119315e-01	5.489975661201006440e-01	-2.190391163829077947e-01	8.183117503904550061e-01	1.758045595653512649e-01
-2.668585504717385648e-01	5.489952577059870054e-01	-2.190289714793217934e-01	8.183099802058397820e-01	1.758065286512828507e-01
-2.668964581388599822e-01	5.490157245836827515e-01	-2.190496658648296013e-01	8.183861084588851531e-01	1.758039230584993173e-01
-2.668509418888101448e-01	5.490243239275691689e-01	-2.190297022649091985e-01	8.183227337428305992e-01	1.758066858017433842e-01
-2.668679436290044560e-01	5.490445356411696176e-01	-2.190085026084102049e-01	8.183125148173104879e-01	1.758468623792298069e-01
-2.669512828095357837e-01	5.489551431023859118e-01	-2.190521623488681235e-01	8.183071895499314241e-01	1.758053977452671557e-01
-2.669051890197383647e-01	5.490050501040292241e-01	-2.190144561307116322e-01	8.182926067505589263e-01	1.757918626620185998e-01
-2.669053600078692967e-01	5.489752196991716238e-01	-2.190538721633896180e-01	8.183101448991841886e-01	1.757712180649906863e-01
-2.669455930796478249e-01	5.490184593425710968e-01	-2.190296638177830213e-01	8.183869833809697125e-01	1.758030609605968353e-01
-2.669397558698744510e-01	5.490030629100082216e-01	-2.190273849022476571e-01	8.183069696385599778e-01	1.758052552545024128e-01
-2.668939136843516691e-01	5.489832416173248131e-01	-2.190284413884571457e-01	8.183292955248012701e-01	1.758123417117314624e-01
-2.669085721833471259e-01	5.490321857830058327e-01	-2.190486164320430140e-01	8.182878348461197771e-01	1.758076332438842648e-01
-2.669677905366274473e-01	5.490239837200491246e-01	-2.189662993501713117e-01	8.183150906799016022e-01	1.757989852999053970e-01
-2.669065654802811327e-01	5.489786947547528051e-01	-2.190296136102097002e-01	8.183000534278753735e-01	1.757960495634169895e-01
-2.668839990675055951e-01	5.490152502168790249e-01	-2.190434011229318578e-01	8.183111286501377757e-01	1.758051217794859289e-01
-2.668655155615788921e-01	5.490399463930734081e-01	-2.190467261925304332e-01	8.182967036951178663e-01	1.757906092846196477e-01
-2.669581198353037088e-01	5.490224286566598444e-01	-2.190310714316514862e-01	8.183038006343292814e-01	1.758054783888493566e-01
-2.668593098934870511e-01	5.489789791355372817e-01	-2.190113023345328369e-01	8.183031203570620971e-01	1.757980364822251118e-01
-2.669093100523021733e-01	5.490184085533189595e-01	-2.190897773500690426e-01	8.183106690034493980e-01	1.758050806524832088e-01
-2.669101764580045777e-01	5.490199883932010971e-01	-2.190167058943997269e-01	8.183153660312577626e-01	1.758313239277719264e-01
-2.669495235409234390e-01	5.490191186140706003e-01	-2.190225179446401993e-01	8.183219057149364595e-01	1.758048130449743895e-01
-2.668785520052196492e-01	5.489601502586450854e-01	-2.190412109483881875e-01	8.183151419435502616e-01	1.758129068728303546e-01
-2.669275980011495686e-01	5.489404346243129673e-01	-2.190293588327122398e-01	8.183100003233079178e-01	1.758052714283930840e-01
-2.669637112249491073e-01	5.490095631696173539e-01	-2.190341146139952178e-01	8.183133408934748498e-01	1.758028865506507665e-01
-2.668967248189907382e-01	5.490811914281553685e-01	-2.190289048773600977e-01	8.183096344659970267e-01	1.758057352530392470e-01
-2.668500129665376530e-01	5.489926599482897185e-01	-2.190284842564184098e-01	8.183091598400753508e-01	1.757978192589274846e-01
-2.669288456147282940e-01	5.490178777752289241e-01	-2.190301231854087372e-01	8.183137888947213945e-01	1.758123487331275103e-01
-2.668899725218891739e-01	5.490353468830413419e-01	-2.190439168769630907e-01	8.183114005898903809e-01	1.758011055257131250e-01
-2.668536806992700128e-01	5.489584633358673971e-01	-2.190190058847741039e-01	8.183102087778090228e-01	1.758045946736081500e-01
-2.669104403148441773e-01	5.490206323569323255e-01	-2.190608281125535628e-01	8.182900019255829882e-01	1.757931644667350968e-01
-2.669022814967463852e-01	5.490290034040473666e-01	-2.190116356450771129e-01	8.182762426306704473e-01	1.758444959099330906e-01
-2.669295977108274154e-01	5.490169016595636275e-01	-2.189817632004252002e-01	8.183082441578582999e-01	1.758030212640359358e-01
-2.668691130130846356e-01	5.490280468852227758e-01	-2.190529013174062622e-01	8.182958950284954236e-01	1.758055642254345852e-01
-2.668567247610914572e-01	5.490491350197514997e-01	-2.190088637633014201e-01	8.183095635673169888e-01	1.757989520383486104e-01
-2.668933275922109050e-01	5.490148922841514567e-01	-2.190378437261072953e-01	8.183097588741610195e-01	1.757913811183184905e-01
-2.669295441852048145e-01	5.490186617819395876e-01	-2.189971927736101831e-01	8.183829098803125923e-01	1.758030687704089656e-01
-2.668898075940561720e-01	5.490159334516855338e-01	-2.190279935513392562e-01	8.183113617993572619e-01	1.758050418863270348e-01
-2.668916099489211935e-01	5.490799006216338096e-01	-2.190379941056927460e-01	8.182929801145473192e-01	1.758433935547686344e-01
-2.669587369347081740e-01	5.490055975397198917e-01	-2.190266271374640139e-01	8.183113942206740044e-01	1.758071539059897215e-01
-2.668483111118667428e-01	5.490296368908520463e-01	-2.190303751464831028e-01	8.182907910054501022e-01	1.758077236858665016e-01
-2.669834051700045729e-01	5.490345094794758518e-01	-2.190291099369116590e-01	8.183100253574435712e-01	1.758053333166357257e-01
-2.668922696845523745e-01	5.490183776620949363e-01	-2.190286826723791547e-01	8.183098430575517224e-01	1.758052222955651112e-01
-2.669447616614175622e-01	5.490133188387213981e-01	-2.190316373749548740e-01	8.183186211914517116e-01	1.758027986971728573e-01
-2.669095837932041748e-01	5.490616295536269176e-01	-2.190010143742749105e-01	8.183128090632831864e-01	1.757404253169689567e-01
-2.669019569625483701e-01	5.490746849063352641e-01	-2.190265239795834429e-01	8.183256946725654402e-01	1.757774624476821090e-01
-2.669099657543423376e-01	5.490378799713993008e-01	-2.190608208252829148e-01	8.183070574000642639e-01	1.758208791180649322e-01
-2.669767513342495846e-01	5.490298272682327951e-01	-2.190541826493634936e-01	8.183045755288939072e-01	1.758078618574763496e-01
-2.668563393919829996e-01	5.490229721667625462e-01	-2.190349957632465316e-01	8.183094784325026794e-01	1.758028596628788409e-01
-2.668686092137391164e-01	5.490175470124250001e-01	-2.190473344525454558e-01	8.183054699430590828e-01	1.758284179319034857e-01
-2.668858801504179756e-01	5.489631071558579434e-01	-2.190368285718642116e-01	8.182939586901288864e-01	1.758126935179859240e-01
-2.669891188905909041e-01	5.490181960447437781e-01	-2.190280640716344429e-01	8.183101241374570733e-01	1.758052287413931769e-01
-2.669498522728962486e-01	5.490181419698051402e-01	-2.190286210090144903e-01	8.183148288590805786e-01	1.758125225463349484e-01
-2.669086880775404791e-01	5.490178011556982041e-01	-2.190335974171893352e-01	8.182846302456432408e-01	1.757783138504809828e-01
-2.669271184972296096e-01	5.489788428532371700e-01	-2.190331215311162594e-01	8.183096662083176875e-01	1.758052378816508110e-01
-2.668866177629255487e-01	5.490464639676754244e-01	-2.190293774187691278e-01	8.183056422519460193e-01	1.758042467185745583e-01
-2.668816801775312220e-01	5.490503601408455170e-01	-2.190458517968942032e-01	8.183285377260984816e-01	1.757999889099168822e-01
-2.669110674367909941e-01	5.490101679041783367e-01	-2.189967964875940698e-01	8.183106148967989046e-01	1.758403640809192148e-01
-2.668455559876858341e-01	5.490064748315480747e-01	-2.190266788434262202e-01	8.183200630176364898e-01	1.757802761549170090e-01
-2.668681246252318506e-01	5.490131237007942477e-01	-2.190656828478557971e-01	8.183093386965375471e-01	1.758043345553624015e-01
-2.668256231541054069e-01	5.490187563506317980e-01	-2.190292003029997159e-01	8.183100795476034861e-01	1.758052490829103698e-01
-2.668473314806872332e-01	5.490028074592759877e-01	-2.190287411845668331e-01	8.183098329433950990e-01	1.758051878014241787e-01
-2.668315538806180220e-01	5.490177771799298334e-01	-2.190324997481146729e-01	8.183175175777350763e-01	1.758108776174280574e-01
-2.669102298045240018e-01	5.489675655547856525e-01	-2.190119824795985493e-01	8.183300766231151879e-01	1.758089275298973519e-01
-2.669443105685784245e-01	5.490421268560380375e-01	-2.190428943931791439e-01	8.183439777090754097e-01	1.757695422170289512e-01
-2.669004946532460010e-01	5.490199753028408569e-01	-2.190296947385086956e-01	8.183099158624197456e-01	1.758046285683645127e-01
-2.668597987799241067e-01	5.490138418112642249e-01	-2.190168769580294883e-01	8.183027543765626355e-01	1.758028353267954702e-01
-2.668863777464751119e-01	5.490055030190598151e-01	-2.190880536327064476e-01	8.183094635988281684e-01	1.758037874935949041e-01
-2.668858377700997209e-01	5.490204795688399253e-01	-2.190361297158003873e-01	8.183046271096440227e-01	1.758072969289986576e-01
-2.669507178533065961e-01	5.490156315647374274e-01	-2.190330665501459551e-01	8.183097341434242278e-01	1.758020818625858073e-01
-2.669459766188204686e-01	5.490139918069529834e-01	-2.190429093285341244e-01	8.183092113597337791e-01	1.758054653075313556e-01
-2.669250010549779062e-01	5.490531629555626125e-01	-2.190330885623250068e-01	8.183312285209765058e-01	1.758052809231584468e-01
-2.668700248564553901e-01	5.490776353293124190e-01	-2.190283444246833022e-01	8.183106186956393691e-01	1.758067296315998229e-01
-2.669100933431203804e-01	5.489626314449912448e-01	-2.190795365221110125e-01	8.183142174113604561e-01	1.758078492068636256e-01
-2.669164369934645120e-01	5.490576333630514672e-01	-2.190292535414850583e-01	8.183100076412237467e-01	1.758050897430598614e-01
-2.668759403168021738e-01	5.490164901724796653e-01	-2.190339688690609021e-01	8.183107160021129145e-01	1.758048080957527182e-01
-2.669061372890296768e-01	5.490189025619858221e-01	-2.189989086547341202e-01	8.183204251131477314e-01	1.758058218234318515e-01
-2.668839266347370343e-01	5.489540242034944839e-01	-2.190267108137675944e-01	8.183092401668635718e-01	1.758024486240589990e-01
-2.668782933851980288e-01	5.490367814487473463e-01	-2.190515950595661454e-01	8.183384775369682007e-01	1.758096478430643539e-01
-2.669472962573055108e-01	5.489548104489155866e-01	-2.190298899465246141e-01	8.183121006135622988e-01	1.758052977070045098e-01
-2.669079592664680423e-01	5.490505298160739400e-01	-2.190366752476884393e-01	8.182974191548306742e-01	1.757957165975532754e-01
-2.669263410270083514e-01	5.490250520925201716e-01	-2.190270068181837115e-01	8.182547120448002698e-01	1.757554081191055328e-01
-2.669477356570395532e-01	5.490105602905299698e-01	-2.190288942691331620e-01	8.183104267515286523e-01	1.758051434412419012e-01
-2.668858578408201399e-01	5.490485880505988625e-01	-2.190279384209721514e-01	8.183089623105697097e-01	1.757975066655780572e-01
-2.669086883243347308e-01	5.489900569329850821e-01	-2.190211416807246181e-01	8.183032799244385203e-01	1.758306796630803304e-01
-2.669691413515797862e-01	5.490416838958799284e-01	-2.190695691028349823e-01	8.183092994534300058e-01	1.758075938165065133e-01
-2.668304573875500130e-01	5.490173486973762840e-01	-2.190321970217794789e-01	8.183040403801330465e-01	1.757968276841915534e-01
-2.668842704663978438e-01	5.490194726495157829e-01	-2.190463301107584415e-01	8.183226622201316136e-01	1.757974492747037543e-01
-2.669978455400051631e-01	5.490211016888284501e-01	-2.190318125358543533e-01	8.183122650805619847e-01	1.758050778747982101e-01
-2.669872100688305272e-01	5.490179745892879160e-01	-2.190254473974244942e-01	8.183154403279166988e-01	1.758126233605059319e-01
-2.668251229481838349e-01	5.489996848012616004e-01	-2.190207963941625535e-01	8.183077646194899524e-01	1.758047808123575639e-01
-2.668484502734680963e-01	5.490304686861968708e-01	-2.190376368848103716e-01	8.183079664305240586e-01	1.758044740511843507e-01
-2.669427682727306128e-01	5.489969674435706271e-01	-2.190272166960803291e-01	8.183086898339555493e-01	1.758058291965899078e-01
-2.669054674037406594e-01	5.490761426538122159e-01	-2.190255044844382770e-01	8.183113351174748917e-01	1.758046041379417446e-01
-2.668892331494472914e-01	5.490174210922037501e-01	-2.190041245074717535e-01	8.183470947030184739e-01	1.758044673955879156e-01
-2.668845343008549031e-01	5.490346263608716360e-01	-2.190405383153808949e-01	8.183193407451538892e-01	1.757951123244760050e-01
-2.668908159625846266e-01	5.490020006307174683e-01	-2.190266801779738592e-01	8.183213974047388595e-01	1.757874856628297844e-01
-2.669875086433474154e-01	5.490333250280704513e-01	-2.190338293867515329e-01	8.183110218496150168e-01	1.758059289412789994e-01
-2.668216326927381199e-01	5.490129096049461976e-01	-2.190282387585481549e-01	8.183119948300846547e-01	1.758407121671374529e-01
-2.668676387156973528e-01	5.490173855783241352e-01	-2.190389595010278911e-01	8.183284518573024080e-01	1.758197212250108277e-01
-2.669348847198051988e-01	5.490078226682861828e-01	-2.190601516365193735e-01	8.183505720656925053e-01	1.758257391785119361e-01
-2.669414186821896795e-01	5.490304997351280747e-01	-2.190558602135059540e-01	8.183174795818446423e-01	1.758199448398477527e-01
-2.669132494789341337e-01	5.489937158600636247e-01	-2.190185584999269075e-01	8.183069439728605232e-01	1.757972306349111780e-01
-2.669280165701543028e-01	5.490194527721787843e-01	-2.190704929437105319e-01	8.182384869689417473e-01	1.758076993759509488e-01
-2.668424753659049409e-01	5.490262434694932470e-01	-2.190117958346073646e-01	8.183095725321309910e-01	1.758028608079599264e-01
-2.669487855497411077e-01	5.490452490831195798e-01	-2.190291407064710316e-01	8.183030047161425902e-01	1.758323951595349988e-01
-2.668933687054811932e-01	5.490211169064553864e-01	-2.190145435841983068e-01	8.183152930299004701e-01	1.758044829429829259e-01
-2.669609558891872791e-01	5.489901283773112040e-01	-2.190205439101690910e-01	8.183106592179010264e-01	1.758099255234402414e-01
-2.668981122427342978e-01	5.490625435125149334e-01	-2.190287131144977306e-01	8.183105097733791577e-01	1.758049446065210186e-01
-2.668481089140709028e-01	5.490139142272371098e-01	-2.190305107327480127e-01	8.183106783127218620e-01	1.758063949744242682e-01
-2.669252299299635367e-01	5.490210821549814657e-01	-2.190300715232610662e-01	8.183099702440645995e-01	1.758029933348609353e-01
-2.669290663618483772e-01	5.490154928965400583e-01	-2.190454758452819728e-01	8.183146503242640923e-01	1.758065314505411481e-01
-2.669718943353461826e-01	5.490239127781373352e-01	-2.190319658682846893e-01	8.183145495933232816e-01	1.758067404208567552e-01
-2.668746463594911522e-01	5.489719515659335913e-01	-2.190235197015221735e-01	8.182964194168523830e-01	1.757877432044577248e-01
-2.669495080956630906e-01	5.490245914573013142e-01	-2.190336710576284152e-01	8.183354970343836854e-01	1.758593144011580678e-01
-2.669147866999295182e-01	5.489391058622328234e-01	-2.190302037126766466e-01	8.183099436124149362e-01	1.758049756510825790e-01
-2.668765011500627837e-01	5.490175548132057992e-01	-2.190299507749584595e-01	8.183189032895372694e-01	1.757807143754345491e-01
-2.669476859196305840e-01	5.490247028970661747e-01	-2.190228543712788023e-01	8.182518591729204260e-01	1.757838721271758331e-01
-2.668449922095988414e-01	5.490434079050069416e-01	-2.190284091559144830e-01	8.183093117780279036e-01	1.758051920879433461e-01
-2.668640802714198901e-01	5.490198713560350274e-01	-2.190303094141593798e-01	8.183086977626343739e-01	1.757545932197501493e-01
-2.669189854486869740e-01	5.490128362844489684e-01	-2.190292671995029139e-01	8.183990932001532492e-01	1.757989208749269894e-01
-2.669136990366389184e-01	5.489893440287353377e-01	-2.189935652779577135e-01	8.183025243298734930e-01	1.758006153749382128e-01
-2.669135065443537513e-01	5.490831588056042101e-01	-2.190159771976214476e-01	8.183088989572292471e-01	1.757973834316502726e-01
-2.669148381686292648e-01	5.490334982787414830e-01	-2.190312245335560570e-01	8.183049504999869717e-01	1.758081210693479002e-01
-2.668223266055910203e-01	5.490188299808758110e-01	-2.190287055290725815e-01	8.183080134460071209e-01	1.758044482075589443e-01
-2.669204055862131053e-01	5.490116943771303770e-01	-2.190579381069223119e-01	8.183044601494171566e-01	1.758046305746054916e-01
-2.669113607723722081e-01	5.490901467672095748e-01	-2.190414083022337033e-01	8.182884258294880198e-01	1.757922638740153920e-01
-2.669088722782557710e-01	5.490640204997447871e-01	-2.190336509272545196e-01	8.183030195734238843e-01	1.758117355507309576e-01
-2.668597831610282078e-01	5.490092205071309683e-01	-2.190182844576501753e-01	8.183012342563543706e-01	1.758039282375874202e-01
-2.669019983080858083e-01	5.490323895529874987e-01	-2.189963665738881293e-01	8.183250530711003723e-01	1.757976513634568749e-01
-2.669007997702105839e-01	5.490696053937812460e-01	-2.190659107151260443e-01	8.183029994551127562e-01	1.757596475060916874e-01
-2.669035666828003528e-01	5.490956183718765926e-01	-2.190808997046842233e-01	8.183102033915172768e-01	1.758051614756298009e-01
-2.669134335964007398e-01	5.490631684609301733e-01	-2.190264439616101677e-01	8.183335281116076443e-01	1.757993884328349909e-01
-2.668787831692049362e-01	5.490212331976509486e-01	-2.190086354285419590e-01	8.183086156875964967e-01	1.758037096317077441e-01
-2.668677558649810155e-01	5.489965464361922232e-01	-2.190170667542825911e-01	8.183235839716568316e-01	1.758070115467849359e-01
-2.669175135551765665e-01	5.490643737929380430e-01	-2.190353491968252686e-01	8.183102324527071758e-01	1.758049063318596339e-01
-2.668255344925875017e-01	5.490238424557098984e-01	-2.190354323055672126e-01	8.183328019535219822e-01	1.758057597791188587e-01
-2.668182705718603609e-01	5.490189130575064969e-01	-2.190290424672231562e-01	8.183100012290213110e-01	1.758048556467180501e-01
-2.669068520131888111e-01	5.489302986909397886e-01	-2.190275691730147745e-01	8.183158454713890251e-01	1.758134979942532761e-01
-2.669272767989445683e-01	5.490019319700371048e-01	-2.190332446114760523e-01	8.182761267599991672e-01	1.758041840881796325e-01
-2.669776438732733292e-01	5.490224489617085979e-01	-2.190291488317878399e-01	8.183102589989545983e-01	1.758052429913671555e-01
-2.668827885812689593e-01	5.489920231032647813e-01	-2.190334843969666268e-01	8.183099413088015250e-01	1.758045301001815719e-01
-2.669685924823953505e-01	5.490159743360123468e-01	-2.190193565097438844e-01	8.183685821437808317e-01	1.758077265618266660e-01
-2.668779971873072587e-01	5.489877366038992124e-01	-2.190249861831958522e-01	8.183145978484699379e-01	1.757930802611668841e-01
-2.669717460339547377e-01	5.490607160814015009e-01	-2.190503840684801529e-01	8.183301687445827532e-01	1.757937905326164008e-01
-2.669413354712353303e-01	5.490172388925037561e-01	-2.190336650769871829e-01	8.183451045564337223e-01	1.757961731449913245e-01
-2.668801078294370521e-01	5.490186869176060247e-01	-2.189941619219278879e-01	8.183195528952116327e-01	1.758108045961849775e-01
-2.669257782112637312e-01	5.490457691603676249e-01	-2.190273325175374486e-01	8.182773893833305001e-01	1.758290695511929846e-01
-2.668903980771372142e-01	5.490409192010428097e-01	-2.190311128655312023e-01	8.183109152021803556e-01	1.758192360297433365e-01
-2.668788707522197212e-01	5.489953505955895707e-01	-2.190338606684094913e-01	8.183352334735640721e-01	1.758056892029879192e-01
-2.669185011147608422e-01	5.489736010902325214e-01	-2.190312377660454113e-01	8.183092177693597202e-01	1.758052777445398840e-01
-2.669043670389097955e-01	5.490208208665973144e-01	-2.190238536808966907e-01	8.183123106056082730e-01	1.758044058730991455e-01
-2.668352592994637784e-01	5.490181006298618938e-01	-2.190025481355717119e-01	8.183092693053279909e-01	1.758083181935988781e-01
-2.668479134620704851e-01	5.490223707421270083e-01	-2.190228737450830854e-01	8.183166781888095986e-01	1.758069081296048664e-01
-2.669375900189429607e-01	5.490198399800448881e-01	-2.190314041274128432e-01	8.183100593495066244e-01	1.758058451178548531e-01
-2.668627220517760801e-01	5.490003462816785973e-01	-2.190261103148404831e-01	8.183093566772494665e-01	1.757951838450154958e-01
-2.669328170916440146e-01	5.489977819241030899e-01	-2.190196775542425645e-01	8.183090237195679295e-01	1.758051670975037950e-01
-2.668483775954331172e-01	5.490248460920775786e-01	-2.190732809953905569e-01	8.183166434055600957e-01	1.758047559116045211e-01
-2.668808570117559009e-01	5.490158469795264340e-01	-2.189899820017016940e-01	8.182828920053482058e-01	1.758057986364678638e-01
-2.668823926793910117e-01	5.489581769049156623e-01	-2.190366641373628631e-01	8.183139102160629230e-01	1.758088462822975373e-01
-2.669048238090902525e-01	5.490948904641992367e-01	-2.190319667154208561e-01	8.183100689369893210e-01	1.758051667482507519e-01
