-2.055461681201299351e-01	3.526700399691625742e-01	2.369970130269461600e-02	1.581932598298202430e+00	-2.002844794686401420e-01
-2.054898263568720740e-01	3.525741427136138140e-01	2.371812681552917107e-02	1.581928043110061299e+00	-2.002688037164481460e-01
-2.054595243059733345e-01	3.525884641546957465e-01	2.372126105809192059e-02	1.581931237674053747e+00	-2.002686519007612076e-01
-2.054833402827254407e-01	3.526884239634236473e-01	2.371642789445545588e-02	1.581926434461792708e+00	-2.002564438674291347e-01
-2.054534594353997767e-01	3.526260333586581641e-01	2.371787522275815505e-02	1.581922098383519826e+00	-2.002722108123250189e-01
-2.054594154552589758e-01	3.526157425898693298e-01	2.377215029116363371e-02	1.581927873893894221e+00	-2.002508993642397317e-01
-2.054858573348353201e-01	3.526105143555364196e-01	2.371776806427006862e-02	1.581930374809556117e+00	-2.002689938849212814e-01
-2.054620154684080879e-01	3.526052374397424805e-01	2.371702591924405856e-02	1.581926453821138834e+00	-2.002699594759135837e-01
-2.054745615749909160e-01	3.525903689812874831e-01	2.372693538439420852e-02	1.581915263802442517e+00	-2.002739640092083828e-01
-2.054372161021034149e-01	3.526238768440034255e-01	2.372300175062662386e-02	1.581926142498808918e+00	-2.002865043687528102e-01
-2.054828198536480521e-01	3.526503188246939424e-01	2.376701468938020173e-02	1.581928797247105889e+00	-2.002696444321663827e-01
-2.055309430719769459e-01	3.526750226100136554e-01	2.370974831644843614e-02	1.581928428388062358e+00	-2.002612186157217422e-01
-2.054935348318140398e-01	3.526189291180455432e-01	2.372844533384404347e-02	1.581956914853086316e+00	-2.002805723330478571e-01
-2.054386813782915211e-01	3.526181755034293319e-01	2.373272651891156215e-02	1.581913958246537355e+00	-2.003049590631762467e-01
-2.055092330784050458e-01	3.526579602825032356e-01	2.373523674850900808e-02	1.581934071968071676e+00	-2.002555573348031581e-01
-2.054932502966171082e-01	3.526877723832373412e-01	2.369899624809193237e-02	1.581969981986897089e+00	-2.002891733057309831e-01
-2.054367747554666501e-01	3.526428871308524560e-01	2.373680386611108639e-02	1.581929370872529494e+00	-2.002696370711858909e-01
-2.054094326154929095e-01	3.526117852829722676e-01	2.371800274582165982e-02	1.581927861627276943e+00	-2.002701054573124417e-01
-2.054766677596798208e-01	3.526280575235714587e-01	2.373459968902060999e-02	1.581905178975585802e+00	-2.002601656941374320e-01
-2.054709015294209906e-01	3.526266907594868272e-01	2.372233572854425335e-02	1.581910388356336794e+00	-2.002509232772686776e-01
-2.054410865639532124e-01	3.525924822115898416e-01	2.370694199835328073e-02	1.581934545653669755e+00	-2.002737762934919674e-01
-2.054874337026109110e-01	3.526152516566612993e-01	2.372943240697224926e-02	1.581937666777057716e+00	-2.003223668491610487e-01
-2.055106398839646464e-01	3.526517593078958845e-01	2.372027291259299134e-02	1.581911541726333859e+00	-2.002510466856164129e-01
-2.054746740158268359e-01	3.526274768938795212e-01	2.371808095800706853e-02	1.581928462525272083e+00	-2.002686476988481956e-01
-2.054023851973550419e-01	3.526249403724779907e-01	2.371979838762288545e-02	1.581921263142164635e+00	-2.002950914214578770e-01
-2.054902016221969441e-01	3.526231746116039178e-01	2.377289607203492139e-02	1.581937197026874742e+00	-2.002852656731870518e-01
-2.054723695263809546e-01	3.526099562374283569e-01	2.370510113860713197e-02	1.581893541533935466e+00	-2.002909099454983355e-01
-2.054661593158229604e-01	3.526285129366691917e-01	2.372436294324142478e-02	1.581879973005784423e+00	-2.002847267788982200e-01
-2.054887809106157870e-01	3.526530468511538952e-01	2.372069493646133259e-02	1.581923367580898798e+00	-2.002662271447435138e-01
-2.054751591966336166e-01	3.526295467600613631e-01	2.371751149825792118e-02	1.581927751876493149e+00	-2.002676997549557858e-01
-2.055161085952341427e-01	3.526256160345060398e-01	2.371743906896786255e-02	1.581924430914272373e+00	-2.002593786902861772e-01
-2.054399549620338772e-01	3.526270520881959469e-01	2.371967733002327064e-02	1.581912840043415924e+00	-2.002521387989437129e-01
-2.054895341232172989e-01	3.526226806350972187e-01	2.371539661944249353e-02	1.581927871147295273e+00	-2.002663328710183599e-01
-2.054536991701325088e-01	3.526192805939618036e-01	2.372261608016677792e-02	1.581927942986156133e+00	-2.002842439729933255e-01
-2.055161997402195906e-01	3.526359042329226257e-01	2.368205450806820309e-02	1.581876009114470127e+00	-2.002733290140442102e-01
-2.054533435019263998e-01	3.526257565903320734e-01	2.371362013718582989e-02	1.581933265390697674e+00	-2.002666920841250087e-01
-2.055351649668324954e-01	3.526202365855435894e-01	2.367039851410093071e-02	1.581915782191533282e+00	-2.002780423938711751e-01
-2.054982362597592704e-01	3.526771243362766817e-01	2.371562428053082192e-02	1.581931090524976824e+00	-2.002647618023976062e-01
-2.054896999900785448e-01	3.526331801035704205e-01	2.372187318353805724e-02	1.581932241999832067e+00	-2.002597115679866369e-01
-2.055423204635202505e-01	3.526192249650938471e-01	2.370381959351054030e-02	1.581958622904727996e+00	-2.002192720006174265e-01
-2.055257975783965629e-01	3.526244000682024482e-01	2.370972277747080206e-02	1.581933747850130523e+00	-2.002533542297986191e-01
-2.054847089061166421e-01	3.526213614975260979e-01	2.376567472398952163e-02	1.581927944471338332e+00	-2.002689859665330308e-01
-2.054860386507211811e-01	3.526299405193288883e-01	2.373409233013062600e-02	1.581870149698103134e+00	-2.002686839621214410e-01
-2.054667160504995427e-01	3.526675229614322782e-01	2.372133484322640207e-02	1.581931777847222387e+00	-2.002796146914805342e-01
-2.054644413018439641e-01	3.526432819416118747e-01	2.371948276996983102e-02	1.581908790159154865e+00	-2.002981487188386367e-01
-2.054303950517230859e-01	3.526206975133471255e-01	2.368689531226422437e-02	1.581930783591258827e+00	-2.002670739821029444e-01
-2.053879321295625504e-01	3.526303767205114514e-01	2.371532359388878186e-02	1.581927154665388358e+00	-2.002671296900118969e-01
-2.055572329279939381e-01	3.526201767540798615e-01	2.375364436515655861e-02	1.581931059191332478e+00	-2.002657942018475912e-01
-2.054666110658363021e-01	3.525365526298954166e-01	2.371735533220782274e-02	1.581927969487022523e+00	-2.002691825148319449e-01
-2.055294924333296580e-01	3.526279919500113214e-01	2.364017205208198205e-02	1.581926826039069089e+00	-2.002898703315521001e-01
-2.054556090848095873e-01	3.526155271324356022e-01	2.369586791587209584e-02	1.581928510039102287e+00	-2.002713423940278847e-01
-2.053999053491686044e-01	3.525816700296864892e-01	2.371800081363627244e-02	1.581927708950746636e+00	-2.002674761875602449e-01
-2.054877610367274454e-01	3.526340161930499040e-01	2.370848794752982228e-02	1.581924031440788747e+00	-2.002548077124083059e-01
-2.055651244898272223e-01	3.525824270017223205e-01	2.371767430982860830e-02	1.581927861064899465e+00	-2.002687578414902303e-01
-2.054839420436084252e-01	3.525868197986652408e-01	2.372359267273805444e-02	1.581949043888122075e+00	-2.002803715765580084e-01
-2.054229167887624552e-01	3.526327935143060421e-01	2.368380990061559957e-02	1.581929167710931949e+00	-2.002713507838361773e-01
-2.054264740258388566e-01	3.526278954913244501e-01	2.375387628471744075e-02	1.581916084111748111e+00	-2.002786282331778800e-01
-2.054340314648734067e-01	3.526264120634320931e-01	2.371744441499927178e-02	1.581926911981547779e+00	-2.002663566112962978e-01
-2.054642920321103627e-01	3.526732005662431835e-01	2.370995683241935298e-02	1.581928194729098403e+00	-2.002861357286255251e-01
-2.054555100543981327e-01	3.526378657995709043e-01	2.371815835376023252e-02	1.581926079219575287e+00	-2.002595316361589772e-01
-2.054997722551911710e-01	3.526333015151771888e-01	2.372023099287104420e-02	1.581937127555508971e+00	-2.002703095894789453e-01
-2.054298953742157707e-01	3.525862422898513038e-01	2.372184163027480502e-02	1.581918752555837804e+00	-2.002723182037636496e-01
-2.054641162643004448e-01	3.526271417385472007e-01	2.368817791785622975e-02	1.581894192744474736e+00	-2.002688122900926626e-01
-2.054066954818408730e-01	3.526321577486319914e-01	2.371800006952495127e-02	1.581927817114007429e+00	-2.002686296438981606e-01
-2.054469487333068500e-01	3.526346635461479195e-01	2.371907628618877620e-02	1.581928259530616110e+00	-2.002677051770269667e-01
-2.054847929475411006e-01	3.526657799761311329e-01	2.371913031252418161e-02	1.581937241881233414e+00	-2.002697837662911762e-01
-2.054513743358213906e-01	3.525911345162237032e-01	2.371461839659997836e-02	1.581925768939685728e+00	-2.002459364406103670e-01
-2.054977203317230883e-01	3.526384043796670364e-01	2.368002622491472212e-02	1.581933806453011293e+00	-2.002731163305022655e-01
-2.054938242165408602e-01	3.526009677688795585e-01	2.372349290666416269e-02	1.581945122427735662e+00	-2.002696273232322521e-01
-2.055280963467030486e-01	3.526131446017220505e-01	2.378978141656263104e-02	1.581927392959567635e+00	-2.002729508886821053e-01
-2.054956497556068573e-01	3.526105669084957372e-01	2.364452299571511221e-02	1.581905109730895820e+00	-2.002672651241219626e-01
-2.055177914867699629e-01	3.525381990375773822e-01	2.371975027220481549e-02	1.581929304695851135e+00	-2.002682210809153818e-01
-2.054592348290252002e-01	3.526277882477245607e-01	2.374959172101138646e-02	1.581870373606498514e+00	-2.002624986267824980e-01
-2.054274891898635880e-01	3.526408912252488870e-01	2.375567423246744553e-02	1.581927745456224166e+00	-2.002873175328313271e-01
-2.055587095265823394e-01	3.526287205218462950e-01	2.371373763543614677e-02	1.581927256986924268e+00	-2.002689157791778807e-01
-2.054370824842422505e-01	3.526407788776693697e-01	2.371988147792221044e-02	1.581927244513461117e+00	-2.002663272729089394e-01
-2.055219590947499619e-01	3.526234163036360281e-01	2.372769933625939326e-02	1.581927250078747127e+00	-2.002318894828075124e-01
-2.054670934353980682e-01	3.526248866793548764e-01	2.368612014809004518e-02	1.581920494020206513e+00	-2.002742136381919502e-01
-2.054964719469547230e-01	3.526307386691130419e-01	2.371878690728563763e-02	1.581937204288152321e+00	-2.002698000133580347e-01
-2.054820305672557246e-01	3.526522429029144701e-01	2.372158619411565694e-02	1.581926474863275311e+00	-2.002682621175746469e-01
-2.054586529364016145e-01	3.526373449423647055e-01	2.373032670780615347e-02	1.581921081834403164e+00	-2.002651356227198587e-01
-2.055260190971831269e-01	3.526074819907301094e-01	2.371382649810711146e-02	1.581904129441847884e+00	-2.002779115509975560e-01
-2.055489905603603007e-01	3.526263514762235651e-01	2.369674292393578185e-02	1.581913171686571085e+00	-2.002813447357248422e-01
-2.054859250273286253e-01	3.526117080183542862e-01	2.373128713512692375e-02	1.581932871135643959e+00	-2.002541321768181171e-01
-2.054867162564671945e-01	3.526539791884037989e-01	2.372873721071429992e-02	1.581925464807837578e+00	-2.002677003207314621e-01
-2.054761343851769229e-01	3.526091077866848056e-01	2.373899801095552195e-02	1.581937582673965670e+00	-2.002574521995185708e-01
-2.054042482057190089e-01	3.526337287171887325e-01	2.371930564225005478e-02	1.581939681382919405e+00	-2.002721450598611563e-01
-2.055043949796560021e-01	3.525928154150679839e-01	2.374387755235303141e-02	1.581921572272048993e+00	-2.003081088679470045e-01
-2.054326417899506318e-01	3.526352534969744434e-01	2.371667026710968726e-02	1.581927507400568755e+00	-2.002681891470332043e-01
-2.054955811333714077e-01	3.525979973040705984e-01	2.370732947390011280e-02	1.581920271752202067e+00	-2.002769305602163652e-01
-2.054643322927791893e-01	3.526362332520744935e-01	2.378650340278166617e-02	1.581934548836667176e+00	-2.002509630205421831e-01
-2.055489808531791029e-01	3.526166903078699622e-01	2.370794432293926376e-02	1.581982304546444951e+00	-2.002701627086609093e-01
-2.055171407317184784e-01	3.526265113830170939e-01	2.372542461027337540e-02	1.581933444166849334e+00	-2.002690488546664815e-01
-2.054908302915869900e-01	3.525978709389625543e-01	2.369905593643078373e-02	1.581921017503105764e+00	-2.002728135862622827e-01
-2.054986165204505111e-01	3.525596368261111335e-01	2.371830982744189270e-02	1.581929751554003838e+00	-2.002548950645929027e-01
-2.054977154871330813e-01	3.526256610483129994e-01	2.371566925138434909e-02	1.581926042509721020e+00	-2.002684175806061506e-01
-2.054228864825562995e-01	3.526382778368802318e-01	2.376358088353910936e-02	1.581933671820373366e+00	-2.002703464193348881e-01
-2.054985123812526349e-01	3.526186134846144293e-01	2.371340740981526043e-02	1.581974814458920520e+00	-2.002377587926679747e-01
-2.055331484845564216e-01	3.526361229272618747e-01	2.373409750856245171e-02	1.581955780778680598e+00	-2.002761312548445027e-01
-2.054894995286662973e-01	3.526528669302146368e-01	2.374899174042406289e-02	1.581927232039156861e+00	-2.002685845121543740e-01
-2.055307486685050145e-01	3.526331256560216176e-01	2.373927636579324998e-02	1.581925368576019508e+00	-2.002676800144585767e-01
-2.055128111201433017e-01	3.526419157343330668e-01	2.371899652696508876e-02	1.581927910718191388e+00	-2.002687840526048979e-01
-2.054964886651612088e-01	3.526335640097021940e-01	2.371578579899630626e-02	1.581970231251240699e+00	-2.002902951624541406e-01
-2.054678251488997187e-01	3.526486145789454185e-01	2.373566784561430623e-02	1.581929329179705190e+00	-2.002691470704818788e-01
-2.054586094895921589e-01	3.527067296683931152e-01	2.371911148753551996e-02	1.581926603153044786e+00	-2.002685752838576083e-01
-2.054327568053351816e-01	3.525654748500138269e-01	2.372560804542162699e-02	1.581930855411453063e+00	-2.002479387714810044e-01
-2.054874056223007783e-01	3.526502901524466438e-01	2.371355533776101088e-02	1.581937151595169677e+00	-2.002696764066419499e-01
-2.055344639892207337e-01	3.526226919039283647e-01	2.372103771747748058e-02	1.581920226118997297e+00	-2.002655553024394741e-01
-2.055010360579032080e-01	3.526209903573039317e-01	2.377494037494730372e-02	1.581925094851643676e+00	-2.002678917763835997e-01
-2.054836291024211836e-01	3.526298122148395220e-01	2.367508655413873980e-02	1.581926924181112248e+00	-2.002403162809446302e-01
-2.055015110773590337e-01	3.526372828110300728e-01	2.371337453050701566e-02	1.581924644326387908e+00	-2.002805213001184192e-01
-2.055565840257717047e-01	3.526271641267892942e-01	2.371680847584069565e-02	1.581927720124981063e+00	-2.002686481534439178e-01
-2.054846854309463622e-01	3.526569489597466966e-01	2.371930588136890103e-02	1.581897882352278462e+00	-2.002757551616265452e-01
-2.055511794852994401e-01	3.526249444974366432e-01	2.371318432299065332e-02	1.581935846076744978e+00	-2.002443038882215642e-01
-2.054496761079484535e-01	3.526360177407585339e-01	2.373863853856612513e-02	1.581927912218428656e+00	-2.002678786829039659e-01
-2.054652946247487455e-01	3.526029997275749728e-01	2.371315518649610293e-02	1.581919332509946985e+00	-2.002651212289365268e-01
-2.053997333564154537e-01	3.526562761811924407e-01	2.371614328235118613e-02	1.581920210601407417e+00	-2.002627149833861031e-01
-2.054870339951296032e-01	3.525533889405288446e-01	2.373721957505882385e-02	1.581928940442793641e+00	-2.002674120648976208e-01
-2.055039853480537804e-01	3.526562194239042936e-01	2.371084419440093460e-02	1.581931339059428065e+00	-2.002691571027257755e-01
-2.055646772220148522e-01	3.526310364134462860e-01	2.371703579570410073e-02	1.581927766602715391e+00	-2.002700796392105353e-01
-2.054928250963880820e-01	3.526211072725780049e-01	2.371898663296212462e-02	1.581926943229219118e+00	-2.002677967161602401e-01
-2.055075110947530981e-01	3.526510440044395289e-01	2.369866034199106034e-02	1.581920686602662718e+00	-2.002677459052083497e-01
-2.054724871120195140e-01	3.526193820678258373e-01	2.370655399713978567e-02	1.581905456479131500e+00	-2.002708626332296293e-01
-2.055151230596042600e-01	3.525571507371870750e-01	2.371898745055241522e-02	1.581933809005848568e+00	-2.002667501684917972e-01
-2.054858928847844990e-01	3.525935795085747837e-01	2.369774286017533454e-02	1.581894455673488409e+00	-2.002708987574538801e-01
-2.055332290456043098e-01	3.526240262298805939e-01	2.371247841815144614e-02	1.581927605773396639e+00	-2.002666172395026478e-01
-2.055119095908394256e-01	3.526266515121520007e-01	2.372675480305866738e-02	1.581938809253977674e+00	-2.002951061548694511e-01
-2.054421867661631873e-01	3.526580437514713617e-01	2.371801752732289117e-02	1.581927547407311563e+00	-2.002687526015835828e-01
-2.055180345725124424e-01	3.526135795597649669e-01	2.371900049634720342e-02	1.581929266074654894e+00	-2.002959073871028450e-01
-2.055023411513718368e-01	3.525708130994941736e-01	2.372041622958723922e-02	1.581927772316401359e+00	-2.002141388524581733e-01
-2.054871268170374021e-01	3.526577055576547992e-01	2.371756642760770514e-02	1.581986894876810990e+00	-2.002861487676936003e-01
-2.054830927253849249e-01	3.526331856212841509e-01	2.375843122999727122e-02	1.581943978068347745e+00	-2.002886542376806911e-01
-2.054407677150405231e-01	3.526185143939625788e-01	2.370101136495149710e-02	1.581913377158829404e+00	-2.002481225376355478e-01
-2.055481421912847828e-01	3.525802164217954893e-01	2.371110160931465261e-02	1.581927789907651150e+00	-2.002584621081916760e-01
-2.054559187330231851e-01	3.526380299624413683e-01	2.373539639775603186e-02	1.581910130452954588e+00	-2.002765170433955799e-01
-2.055013950065605333e-01	3.526227178154919262e-01	2.374108558895565713e-02	1.581951311798641902e+00	-2.002593802944569734e-01
-2.055064245099014475e-01	3.526852783035971384e-01	2.369596454847520267e-02	1.581918980513573159e+00	-2.002360334382187190e-01
-2.054414875347596869e-01	3.526530632614939265e-01	2.377664257742399465e-02	1.581926667909598683e+00	-2.002399037239822877e-01
-2.054722233941011778e-01	3.526183705199051888e-01	2.377340045650242276e-02	1.581932216680445702e+00	-2.002738421464714258e-01
-2.055346346517060163e-01	3.526269667765413174e-01	2.367029910438456231e-02	1.581928411661322142e+00	-2.002681423000082228e-01
-2.054811455946645438e-01	3.527010852224759518e-01	2.371705648275892336e-02	1.581927757943092594e+00	-2.002684464754754534e-01
-2.054223606059560892e-01	3.525830388455964415e-01	2.375086232526904539e-02	1.581927774230984962e+00	-2.002383477134734857e-01
-2.054725206351744882e-01	3.526005868810871968e-01	2.367236355265386893e-02	1.581936446243850769e+00	-2.002566845979931454e-01
-2.053981476912037363e-01	3.526275887779410922e-01	2.371837052229520265e-02	1.581929292285367605e+00	-2.002695584851285071e-01
-2.055042539096871845e-01	3.525968462260458680e-01	2.370066252023857525e-02	1.581927718095865742e+00	-2.002841597801222062e-01
-2.054381802734301377e-01	3.526148465989558112e-01	2.371825087719148240e-02	1.581922825662676280e+00	-2.002676174989276858e-01
-2.054837094652247065e-01	3.526223495135992758e-01	2.371801916891164153e-02	1.581919584092315034e+00	-2.003031899850203912e-01
-2.054904013022586795e-01	3.526374024311135225e-01	2.372343730649443400e-02	1.581927528189087218e+00	-2.002806691989469645e-01
-2.055250671742326063e-01	3.526648812262193622e-01	2.376723373644159393e-02	1.581921185433341481e+00	-2.002574826081343073e-01
-2.054860848592766631e-01	3.526206155001066489e-01	2.370880912756305817e-02	1.581919059506614822e+00	-2.001731751381694568e-01
-2.055643117072006032e-01	3.526236551645589024e-01	2.371762877712230849e-02	1.581925977285093099e+00	-2.002647976266202501e-01
-2.055099086381991236e-01	3.526227231963752207e-01	2.369886478891936737e-02	1.581959268332204571e+00	-2.002852728166767682e-01
-2.054708199332514751e-01	3.526219311145543656e-01	2.367726223660582968e-02	1.581935695405913389e+00	-2.002892784348476729e-01
-2.054262487699896611e-01	3.526273984375026815e-01	2.377495088666900513e-02	1.581919983906112659e+00	-2.002861528343217457e-01
-2.054488695083087624e-01	3.526218592233665294e-01	2.371024827438074703e-02	1.581937672097910141e+00	-2.002757495274750943e-01
-2.054515104048413032e-01	3.526547435356899851e-01	2.371857997384508795e-02	1.581927356428455056e+00	-2.002672653185508522e-01
-2.055233548681801303e-01	3.526022239984606399e-01	2.371844591570710856e-02	1.581927768115072741e+00	-2.002659653349933289e-01
-2.055450752163075212e-01	3.526797790490387441e-01	2.371027938064081478e-02	1.581933853632980780e+00	-2.002546473620299139e-01
-2.054408431489360976e-01	3.525594052917880306e-01	2.371845487808317207e-02	1.581929597920747055e+00	-2.002755484865347269e-01
-2.055250448931201235e-01	3.526237264053912468e-01	2.374073742024522191e-02	1.581927820702255572e+00	-2.002687391397894590e-01
-2.054983477610067000e-01	3.526299369530290218e-01	2.369884018977584314e-02	1.581914268057796225e+00	-2.002670559998809829e-01
-2.055000982465414738e-01	3.526050128886115131e-01	2.368865457487720830e-02	1.581936428551678819e+00	-2.002641934087447950e-01
-2.055291644864162826e-01	3.526186010924862724e-01	2.371781397567083657e-02	1.581928762131987520e+00	-2.002533537419842746e-01
-2.054869392442339460e-01	3.527004589570059689e-01	2.372244831885943206e-02	1.581930894942848997e+00	-2.002673665172590711e-01
-2.054617622207964567e-01	3.527011643485715164e-01	2.371339454027185725e-02	1.581939389165251342e+00	-2.002645493463520443e-01
-2.054719251814266789e-01	3.526247485894166700e-01	2.375795812667882631e-02	1.581931818726686201e+00	-2.002647048786065365e-01
-2.055010517206566911e-01	3.526341189637637874e-01	2.371799851971067782e-02	1.581934717006583613e+00	-2.002686192210262062e-01
-2.055289536543301321e-01	3.526299868649775959e-01	2.371689535101427840e-02	1.581927631638277321e+00	-2.002670489514045138e-01
-2.054188863062314796e-01	3.526625034927982627e-01	2.369555809559669574e-02	1.581928788073159176e+00	-2.002686081662586881e-01
-2.054777367472412353e-01	3.526405739489667512e-01	2.372336535311103667e-02	1.581928197383216217e+00	-2.002675821486988028e-01
-2.054812451078710800e-01	3.526239822437520210e-01	2.373634887012132308e-02	1.581908407477567780e+00	-2.002687015424630679e-01
-2.054834057502079592e-01	3.526184124708662271e-01	2.373661664065013222e-02	1.581883314929814377e+00	-2.002703278763814931e-01
-2.054863564413849375e-01	3.526416406708375861e-01	2.372620481207611889e-02	1.581992330645779710e+00	-2.002718067000825164e-01
-2.055082381122452784e-01	3.526240079647360304e-01	2.371729889273374581e-02	1.581927815319313702e+00	-2.002685140869105707e-01
-2.054445397945451890e-01	3.526402186260431115e-01	2.371472055580055999e-02	1.581927639814039832e+00	-2.002680844710436614e-01
-2.054896868435311108e-01	3.526581269418760933e-01	2.377827772846819940e-02	1.581906291474197257e+00	-2.002843942996023197e-01
-2.054801876547960315e-01	3.526313392183747508e-01	2.370959402702808166e-02	1.581905931582431535e+00	-2.002672163326026933e-01
-2.054769042967506676e-01	3.526459328265221238e-01	2.371868604783619258e-02	1.581928539666477951e+00	-2.002702376152832586e-01
-2.055168107646375975e-01	3.526317044533822664e-01	2.373562167114018698e-02	1.581931031927135134e+00	-2.002458766656024514e-01
-2.054821144490643903e-01	3.526261183459458159e-01	2.371794239295408127e-02	1.581927420021794761e+00	-2.002656466568475679e-01
-2.055277660600414447e-01	3.526423821942427650e-01	2.371899507762821602e-02	1.581927552972339557e+00	-2.002724077914907752e-01
-2.054918755375889083e-01	3.526204059244042455e-01	2.373673509693086103e-02	1.581908061276263489e+00	-2.002440264712214146e-01
-2.055083785143744513e-01	3.526115448390820251e-01	2.371532283673416508e-02	1.581941515859118574e+00	-2.003185153882663661e-01
-2.054370846948662677e-01	3.526102539003129754e-01	2.371740237569619839e-02	1.581928956630491045e+00	-2.002894667384856886e-01
-2.054672187145036855e-01	3.526366677349860868e-01	2.374771156095912064e-02	1.581915792541578991e+00	-2.002851775551726665e-01
-2.055055733823961672e-01	3.526336519319387408e-01	2.373329325109935911e-02	1.581927623014937501e+00	-2.002523873274512367e-01
-2.054817668418029430e-01	3.525882165926497724e-01	2.373091749462145558e-02	1.581928228957318217e+00	-2.002690981394277814e-01
-2.054814397450506203e-01	3.525746987287312062e-01	2.371637176600663657e-02	1.581922341231714046e+00	-2.002906092095383395e-01
-2.054875354017234590e-01	3.526393248599536956e-01	2.371335757723481291e-02	1.581939339019862389e+00	-2.002116230117097495e-01
-2.054821452419863526e-01	3.526248531639397110e-01	2.373020761986053759e-02	1.581941648644690224e+00	-2.002973395699943204e-01
-2.054569532188031677e-01	3.526410021455107513e-01	2.373499667558779183e-02	1.581927052977911252e+00	-2.002903942992398101e-01
-2.054814337116435408e-01	3.526227783809922078e-01	2.371839144384164585e-02	1.581927313624281961e+00	-2.002687478135569132e-01
-2.055045351507061302e-01	3.526244254072987139e-01	2.368923145639869124e-02	1.581935752696376207e+00	-2.002885472120753130e-01
-2.054302189660400513e-01	3.526261143246848251e-01	2.372844313491743670e-02	1.581919281089248619e+00	-2.002117861025378420e-01
-2.055463566923256824e-01	3.526344798535887559e-01	2.375001204380207398e-02	1.581923612582131211e+00	-2.002711687296317988e-01
-2.054821648330459050e-01	3.526342741189201768e-01	2.371735102419772132e-02	1.581943793781229068e+00	-2.002748632141183316e-01
-2.055194293264524519e-01	3.526330700967091891e-01	2.375555872717426478e-02	1.581927351397050652e+00	-2.002737450313168688e-01
-2.055085670024106859e-01	3.526135529638025345e-01	2.371692392311563688e-02	1.581922623993581523e+00	-2.002296948671934973e-01
-2.055120866695038517e-01	3.526161988522196755e-01	2.376452278560947651e-02	1.581934930043532583e+00	-2.002563885608364125e-01
-2.054760745737236327e-01	3.526066755911859696e-01	2.371401966655444990e-02	1.581897799645418212e+00	-2.002417055699855508e-01
-2.054704783060807005e-01	3.526368975110329984e-01	2.371334180388275786e-02	1.581916399390278949e+00	-2.002696808202906464e-01
-2.055394795651750706e-01	3.526340454008315417e-01	2.371442570213653026e-02	1.581926691618431580e+00	-2.002496965343188440e-01
-2.054752366864160962e-01	3.526025285135287457e-01	2.370685519950522721e-02	1.581927840400558560e+00	-2.002676695713184740e-01
-2.054780095551393959e-01	3.526229001317362499e-01	2.368587306070699117e-02	1.581943413548832833e+00	-2.002810306872162271e-01
-2.055289972072990023e-01	3.525976733258996965e-01	2.373328804546027265e-02	1.581909423994644515e+00	-2.002762678082055381e-01
-2.055006961243828756e-01	3.526528415693554463e-01	2.369819727378873545e-02	1.581928747666481838e+00	-2.002693182946224948e-01
-2.055066045850605372e-01	3.526347945239470816e-01	2.375909508216678123e-02	1.581919538817364801e+00	-2.002607569024400513e-01
-2.054613414124487336e-01	3.526394039889723109e-01	2.371842829357291918e-02	1.581931090589250521e+00	-2.002686942217015431e-01
-2.054489274329150683e-01	3.526181114436046649e-01	2.371784793236695818e-02	1.581927744790054158e+00	-2.002686496028999175e-01
-2.055669519080869645e-01	3.526717178419195853e-01	2.373926029747822422e-02	1.581929742611350997e+00	-2.002715097671196320e-01
-2.054865634743355818e-01	3.526628043517732736e-01	2.368651239737913292e-02	1.581928088557154721e+00	-2.002725141404634868e-01
-2.055204953233163157e-01	3.526656323546518701e-01	2.371335667853288059e-02	1.581926236725695878e+00	-2.002674781264092152e-01
-2.054708131282015071e-01	3.526348276056804343e-01	2.372096499264317662e-02	1.581932858034310607e+00	-2.002729136230800844e-01
-2.054292301424891498e-01	3.526242901094335247e-01	2.371625799269441032e-02	1.581927999019252740e+00	-2.002685490396527990e-01
-2.055116587398082562e-01	3.526208000624522776e-01	2.371479551329985433e-02	1.581927402608583444e+00	-2.002510084551525626e-01
-2.054425642841662125e-01	3.526624816906813731e-01	2.365742277935986224e-02	1.581916380344734918e+00	-2.002726243462930600e-01
-2.054939869257259022e-01	3.526307256176864358e-01	2.371810548901313875e-02	1.581926733717505584e+00	-2.002685099347194519e-01
-2.054384381118269098e-01	3.526347641584797188e-01	2.371748145971750224e-02	1.581918349842047045e+00	-2.002695757255063269e-01
-2.054850786254686090e-01	3.525984354938163090e-01	2.369165430447912543e-02	1.581930964463341915e+00	-2.002703175586062201e-01
-2.054878882942747786e-01	3.526292315971354396e-01	2.372089874199963255e-02	1.581927879484416488e+00	-2.002684129816536540e-01
-2.054372293175475150e-01	3.526305267324135184e-01	2.365995519333282185e-02	1.581922432173308080e+00	-2.002608681876233143e-01
-2.054969939184814465e-01	3.525821328086864992e-01	2.371898913303413861e-02	1.581927494347706409e+00	-2.002645198871897125e-01
-2.055128319543011173e-01	3.526246807528507499e-01	2.371646770334070314e-02	1.581928783655060622e+00	-2.002683949542238273e-01
-2.055263894838632588e-01	3.526668176725251680e-01	2.373163125864512918e-02	1.581927672177455557e+00	-2.002756650664010707e-01
-2.055180556442425532e-01	3.525947943208375124e-01	2.366488454063159219e-02	1.581931273992436937e+00	-2.003090463126170340e-01
-2.055117861868927809e-01	3.526259427520616607e-01	2.370541619834225233e-02	1.581934615985692405e+00	-2.002919646684681310e-01
-2.054897645941738682e-01	3.526362313068845955e-01	2.371910264110981686e-02	1.581924322541271133e+00	-2.002718490357319192e-01
-2.054676977755802991e-01	3.525376169486572620e-01	2.372120981280981603e-02	1.581926079377139249e+00	-2.002683965147399048e-01
-2.054648648817342660e-01	3.526647393688746024e-01	2.373740219572737994e-02	1.581882649268549379e+00	-2.003023946313405301e-01
-2.055234809239193383e-01	3.525944236334974113e-01	2.371582759368729559e-02	1.581938883220745273e+00	-2.002509935565190691e-01
-2.055177669335635504e-01	3.526646964622209834e-01	2.373769721525633911e-02	1.581931729859161084e+00	-2.002688930738535100e-01
-2.054285374883728643e-01	3.526247918757776656e-01	2.371798673942180496e-02	1.581927754459290458e+00	-2.002685842462735843e-01
-2.054684347635330477e-01	3.526210463154896835e-01	2.370552330365219978e-02	1.581922193148686429e+00	-2.002476163743587001e-01
-2.054849451788960946e-01	3.526377376105174211e-01	2.369162618355453651e-02	1.581934456936185063e+00	-2.002565680887328226e-01
-2.055199737261916848e-01	3.526339445810517392e-01	2.370955016076939023e-02	1.581939620590182560e+00	-2.002615785964198258e-01
-2.054076802686072289e-01	3.526175934114983979e-01	2.369028517617227658e-02	1.581918167723169288e+00	-2.002803680090820826e-01
-2.054580522795982356e-01	3.525939837609932681e-01	2.372450714404537864e-02	1.581929482851712532e+00	-2.002729169619534011e-01
-2.054506802437023882e-01	3.526898918202101552e-01	2.371789340014407096e-02	1.581930255281252862e+00	-2.002683782732183893e-01
-2.054637920268283235e-01	3.526521840406550701e-01	2.372354438253445816e-02	1.581919206426610103e+00	-2.002883530788615307e-01
-2.054457511408232795e-01	3.525994393371734703e-01	2.372168741595121616e-02	1.581929540316745486e+00	-2.002924129105773110e-01
-2.055339816885414506e-01	3.526521785981951984e-01	2.371557191024097414e-02	1.581927414249700847e+00	-2.002735161162604305e-01
-2.055073415310560703e-01	3.526052084773039219e-01	2.371590950206029641e-02	1.581922735962167481e+00	-2.002848883822778703e-01
-2.054048353894723788e-01	3.526180095225127653e-01	2.372072254699031379e-02	1.581927677540285293e+00	-2.002685531157773480e-01
-2.054970848828114593e-01	3.526874534982236131e-01	2.372115287562026609e-02	1.581934502244718432e+00	-2.002725542917624668e-01
-2.054545950396741705e-01	3.526324153348244783e-01	2.372947111345546922e-02	1.581928257994225095e+00	-2.002659963554285216e-01
-2.054170548454307410e-01	3.525831467400077357e-01	2.370090902334956451e-02	1.581930613679075837e+00	-2.002734723295782615e-01
-2.054757054608309652e-01	3.525507613135243634e-01	2.372591796539375367e-02	1.581928984227220392e+00	-2.002532525738402736e-01
-2.054907556972788429e-01	3.526335328571407746e-01	2.371531329015631046e-02	1.581906338397362388e+00	-2.003461669204369133e-01
-2.054226309808183104e-01	3.526045813705590004e-01	2.371792393271809907e-02	1.581927902510005701e+00	-2.002686674170544023e-01
-2.055373450589578210e-01	3.526312859373131325e-01	2.372420610663510468e-02	1.581941582764009535e+00	-2.002652677313309926e-01
-2.055052822312711525e-01	3.526858554211072527e-01	2.372724195310222522e-02	1.581910715900928910e+00	-2.002923359920904534e-01
-2.055369411527258050e-01	3.526076661610080820e-01	2.371909980941430338e-02	1.581927971623801055e+00	-2.002687852801928459e-01
-2.054360554974713204e-01	3.526262742081099910e-01	2.372353734912989801e-02	1.581934053065055856e+00	-2.002688606750563649e-01
-2.055524475631016756e-01	3.526286821513822667e-01	2.371904572643051060e-02	1.581926374151579440e+00	-2.002673166056461451e-01
-2.055239719347337624e-01	3.526301391256249640e-01	2.369073864344035940e-02	1.581925119828430537e+00	-2.002671847604739486e-01
-2.054920340681656299e-01	3.526882077603547549e-01	2.371784705506218421e-02	1.581927986502029038e+00	-2.002670701554300769e-01
-2.054905530147600468e-01	3.525944693688194964e-01	2.372780700832805359e-02	1.581922471325797774e+00	-2.002586299477970289e-01
-2.054906505228121794e-01	3.526130172642030214e-01	2.369183882210191758e-02	1.581932479244148038e+00	-2.002697517979050712e-01
-2.055205360027371753e-01	3.526110559603838901e-01	2.372057836812705919e-02	1.581926502863048256e+00	-2.002426040524693807e-01
-2.054734329869601084e-01	3.525988915358548859e-01	2.371906410184269204e-02	1.581900082193654633e+00	-2.002985987835944337e-01
-2.055496802185781957e-01	3.526362018781677987e-01	2.372417842189879222e-02	1.581938546994898775e+00	-2.002704637060875037e-01
-2.055266980936553411e-01	3.526248037795228218e-01	2.371600768501149273e-02	1.581936190679305909e+00	-2.002651423376092532e-01
-2.055041135808958752e-01	3.525755601719613441e-01	2.373704738865390490e-02	1.581979371295173520e+00	-2.002649469520869918e-01
-2.054684456379921864e-01	3.525647167819355721e-01	2.371922647790272384e-02	1.581927726138675716e+00	-2.002685685189931619e-01
-2.054234098068218883e-01	3.526174372416304714e-01	2.372048844547893984e-02	1.581903349620683796e+00	-2.002736549735988358e-01
-2.054446232316836651e-01	3.526174129393894741e-01	2.373164873740988765e-02	1.581928587253102148e+00	-2.002672739097952070e-01
-2.055250923323138079e-01	3.525698895898766172e-01	2.368163773939891900e-02	1.581930247743818407e+00	-2.002911726898217726e-01
-2.055013289474602045e-01	3.526123007182155877e-01	2.368291468293998170e-02	1.581949061162653880e+00	-2.002694261281016130e-01
-2.054912709824520956e-01	3.526754808229193294e-01	2.372844194930276776e-02	1.581936679783371824e+00	-2.002825293361235048e-01
-2.055732153125922612e-01	3.526267514472167242e-01	2.371753286239074165e-02	1.581924083296094352e+00	-2.002663846179130180e-01
-2.054025547516069583e-01	3.526316584218603944e-01	2.371927591795335716e-02	1.581927724473733310e+00	-2.002687372082478934e-01
-2.054871336275225502e-01	3.526296621475080162e-01	2.371807139035340614e-02	1.581927048098947797e+00	-2.002782612631565373e-01
-2.054909725270161469e-01	3.526139114054281931e-01	2.369471661032968371e-02	1.581923665038365456e+00	-2.002529398202120281e-01
-2.054735181313847858e-01	3.526480577826742180e-01	2.373624704683911096e-02	1.581927477341572574e+00	-2.002668323313725462e-01
-2.054855276431826472e-01	3.526640587647505432e-01	2.370737192004620034e-02	1.581893140531216435e+00	-2.002695391168594352e-01
-2.055155834662606984e-01	3.526633617545861799e-01	2.371784675605001849e-02	1.581927782214232359e+00	-2.002685960847162550e-01
-2.054861498762504957e-01	3.526199541561739759e-01	2.371390031389089895e-02	1.581886826612174168e+00	-2.003053520723228620e-01
-2.054740940942295924e-01	3.525498798396907718e-01	2.373007826012499266e-02	1.581936873409531152e+00	-2.002545904716443170e-01
-2.054831746537515713e-01	3.525469835956136500e-01	2.370489139291863737e-02	1.581932235815615595e+00	-2.002787447400530274e-01
-2.054860774544159940e-01	3.525676618914886373e-01	2.371795644918866380e-02	1.581926852379919701e+00	-2.002688648568205776e-01
-2.054878506274268879e-01	3.525655297956225009e-01	2.371915557063107582e-02	1.581929873542904375e+00	-2.002749818160373119e-01
-2.054748759197367602e-01	3.526201545132452431e-01	2.368272535649145957e-02	1.581927925550967284e+00	-2.002685568724240917e-01
-2.055260309516223627e-01	3.526082766508434885e-01	2.370086418881079890e-02	1.581929966170080748e+00	-2.002736576810113800e-01
-2.055578949396615618e-01	3.525999569552072943e-01	2.372214661630068361e-02	1.581939571900652153e+00	-2.002526178064523155e-01
-2.055719618581960118e-01	3.526293453200187167e-01	2.372592186431034256e-02	1.581924623357896520e+00	-2.002446462517786241e-01
-2.055235481690451116e-01	3.526245348603452845e-01	2.371794345964163900e-02	1.581927930278339556e+00	-2.002677433351257863e-01
-2.054395113515824767e-01	3.526730130598190183e-01	2.375350352124147579e-02	1.581919734722194049e+00	-2.002694243232523152e-01
-2.054139254264198688e-01	3.526427403241349512e-01	2.371273537469436796e-02	1.581929852318601837e+00	-2.002718525681216055e-01
-2.054815144257969295e-01	3.525886126666457621e-01	2.373655881014249264e-02	1.581929081718858487e+00	-2.002693312594519548e-01
-2.055016931463817254e-01	3.526491210459854475e-01	2.373094553934635906e-02	1.581933290692447036e+00	-2.002789292799276311e-01
-2.055390840220330528e-01	3.526007991046244960e-01	2.371906998324032137e-02	1.581926897763195949e+00	-2.002687570189357336e-01
-2.054742052473307878e-01	3.526181065319602959e-01	2.366750223979003850e-02	1.581933214113260711e+00	-2.002461981023373749e-01
-2.055389968534725720e-01	3.526218291374439429e-01	2.371789625791211054e-02	1.581929256951113416e+00	-2.002716302463977971e-01
-2.054698963518863941e-01	3.526296897229882488e-01	2.373047640015598855e-02	1.581901752621939883e+00	-2.003432797773379292e-01
-2.054956933670171182e-01	3.526124205999051631e-01	2.368466133680898617e-02	1.581978240312832629e+00	-2.003284141330471946e-01
-2.054206947025317698e-01	3.526349382186221293e-01	2.368892101890148968e-02	1.581928238543777843e+00	-2.002485085057972847e-01
-2.054938537544450106e-01	3.526066106856505789e-01	2.369858893141798747e-02	1.581927558091393182e+00	-2.002673332412075180e-01
-2.054875900428059510e-01	3.526235049586303183e-01	2.368116035536421693e-02	1.581922041807166890e+00	-2.002387351839966245e-01
-2.054959910359757391e-01	3.526297411558203532e-01	2.372949688422060568e-02	1.581904948463106697e+00	-2.002229689868847973e-01
-2.054781596326966386e-01	3.525358497075315456e-01	2.371623245116279144e-02	1.581927969834763470e+00	-2.002619001110701180e-01
-2.054042713735048098e-01	3.526097261628557966e-01	2.371791624123481199e-02	1.581925974436229065e+00	-2.002664063750091150e-01
-2.054929960232041442e-01	3.526263518837980393e-01	2.371207440576016817e-02	1.581922753899076994e+00	-2.002648146425755615e-01
-2.054214249671202919e-01	3.526507454907168437e-01	2.371583242462934824e-02	1.581925995947139896e+00	-2.002557386804726391e-01
-2.054732443157853694e-01	3.526327722434660084e-01	2.371986665823030971e-02	1.581929241967425126e+00	-2.002822263305996386e-01
-2.054696005536040260e-01	3.526427186209301623e-01	2.370658657420582002e-02	1.581926079673851904e+00	-2.002834190331670150e-01
-2.055471864457623643e-01	3.526305698355675089e-01	2.371791188212262966e-02	1.581927975733629088e+00	-2.002665992915315107e-01
-2.055123824759955697e-01	3.526562513113998820e-01	2.372180701690269899e-02	1.581924217482607364e+00	-2.002666936059265546e-01
-2.054502752359549378e-01	3.526129466463756024e-01	2.371788249130159926e-02	1.581951107174743187e+00	-2.002586460373138866e-01
-2.054649205525377609e-01	3.526083496173368914e-01	2.371002508780083173e-02	1.581921720000160736e+00	-2.002659629962478260e-01
-2.055303338567580906e-01	3.525794334119475848e-01	2.372196059162229309e-02	1.581927763262536812e+00	-2.002686450836314025e-01
-2.054288733675566636e-01	3.526953985253438173e-01	2.370710594103222352e-02	1.581928378746048303e+00	-2.002657183016359199e-01
-2.054818808095924820e-01	3.526240210684655207e-01	2.368142568475230941e-02	1.581923660178678359e+00	-2.002814984957727307e-01
-2.054220246271034611e-01	3.526293931639727375e-01	2.371167999531063886e-02	1.581928319002292582e+00	-2.002686880746847864e-01
-2.053950906300501533e-01	3.526258199613435673e-01	2.371807085593981637e-02	1.581927798630237803e+00	-2.002685807880603686e-01
-2.055103234546461211e-01	3.526479338440327016e-01	2.371269211484933540e-02	1.581927393467478904e+00	-2.002687285323881128e-01
-2.055428351658769304e-01	3.526289024188554722e-01	2.369032556300780523e-02	1.581933228571913208e+00	-2.002896985353252168e-01
-2.054666682499838026e-01	3.526442243659987930e-01	2.372228442876970003e-02	1.581893054870364024e+00	-2.002498784737128945e-01
-2.054511756089863750e-01	3.526013982945411240e-01	2.369733884211313452e-02	1.581873292658213970e+00	-2.002656421570749024e-01
-2.055049040934340543e-01	3.526262288690283908e-01	2.373135979742919954e-02	1.581926759783965686e+00	-2.002896678493515104e-01
-2.054576107483635228e-01	3.526384699428150582e-01	2.374302535863785299e-02	1.581927985797747516e+00	-2.002745762344437241e-01
-2.054024331979063811e-01	3.525987201423510520e-01	2.371508593219920358e-02	1.581928024524583254e+00	-2.002670745428299925e-01
-2.054419284602979623e-01	3.526435181774563721e-01	2.372761842705132726e-02	1.581965736668424993e+00	-2.002500766181626868e-01
-2.054076839976350655e-01	3.525906438563722878e-01	2.371798528980153045e-02	1.581928703245369272e+00	-2.002644069526537396e-01
-2.055310049163855679e-01	3.526314709547935800e-01	2.372977228354952381e-02	1.581968011984488109e+00	-2.002741058777685046e-01
-2.055338104688463063e-01	3.526697594410636571e-01	2.371499099003760228e-02	1.581930558829984568e+00	-2.002674059001139650e-01
-2.054823379257818827e-01	3.526422964553748152e-01	2.372769274699616446e-02	1.581928088740924609e+00	-2.002682288154762902e-01
-2.054815428852929116e-01	3.527106181088726644e-01	2.371705829854188138e-02	1.581921995746371268e+00	-2.002716336595603830e-01
-2.054661996610509245e-01	3.525745335585286355e-01	2.370403249004126439e-02	1.581923996674022392e+00	-2.002658014468574332e-01
-2.054629341824918132e-01	3.526776537914331766e-01	2.371357249188718597e-02	1.581930969481046168e+00	-2.002779010533622672e-01
-2.055587637036349336e-01	3.526276231059893296e-01	2.371844032455809950e-02	1.581928532112542030e+00	-2.002672470801299953e-01
-2.053880057274887205e-01	3.526249407743670128e-01	2.371920154526002689e-02	1.581926363874909702e+00	-2.002689184199439032e-01
-2.055063914747700671e-01	3.526157481341657407e-01	2.371391041500207908e-02	1.581931075459429348e+00	-2.002589968722971181e-01
-2.053965760449756872e-01	3.526214775601826390e-01	2.371743593091943034e-02	1.581925543082814523e+00	-2.002716922650580322e-01
-2.055355313018460695e-01	3.526113932890008740e-01	2.371260277918839018e-02	1.581928015725787784e+00	-2.002653688327268588e-01
-2.054772222868913867e-01	3.526910939432583714e-01	2.371810202833704237e-02	1.581926902801357171e+00	-2.002678875734223707e-01
-2.054202212417915729e-01	3.526311051774003724e-01	2.373869221434589047e-02	1.581928792859466304e+00	-2.002581876941559869e-01
-2.055133705559839541e-01	3.525975262593272208e-01	2.371600712490834484e-02	1.581927123089327258e+00	-2.002674078353889331e-01
-2.055087657201687124e-01	3.526216192613874090e-01	2.371799611341015440e-02	1.581928503404694597e+00	-2.002665136780991950e-01
-2.054823189444835996e-01	3.526244551723528575e-01	2.372511724363451924e-02	1.581927977127297602e+00	-2.002592162104681883e-01
-2.054672412751180344e-01	3.526280441659405684e-01	2.371003929236664698e-02	1.581930539727072427e+00	-2.002674542646279421e-01
-2.055520154206456340e-01	3.525975097743375142e-01	2.374226424100144006e-02	1.581916573249458891e+00	-2.002547836241096724e-01
-2.054567951446938379e-01	3.525993793771038387e-01	2.371999875658326734e-02	1.581927717583982318e+00	-2.002680014350216309e-01
-2.055523070400420427e-01	3.526308040336282867e-01	2.371823146289074591e-02	1.581927733395801061e+00	-2.002685730916393403e-01
-2.055308748108555794e-01	3.526510996498758987e-01	2.371296312262625994e-02	1.581926945735807832e+00	-2.002684094090030342e-01
-2.054980461424756599e-01	3.526373547748226644e-01	2.371796508674276285e-02	1.581918817443988212e+00	-2.002651723635230085e-01
-2.055732620798274290e-01	3.525971778623826491e-01	2.371829128294446892e-02	1.581927768104261833e+00	-2.002685782767457956e-01
-2.053924133699746302e-01	3.526309347497530999e-01	2.371802647264844091e-02	1.581927796768584971e+00	-2.002685668135940067e-01
-2.054768587394224244e-01	3.526241110164073933e-01	2.372648905407722525e-02	1.581921066690714861e+00	-2.002755249062838361e-01
-2.055071162477674629e-01	3.525577857490107547e-01	2.370876256890010539e-02	1.581926643252157483e+00	-2.002671995852179365e-01
-2.054010804351549258e-01	3.526263548158726779e-01	2.372169536515784244e-02	1.581922111237916262e+00	-2.002528787109746911e-01
-2.054245330177458251e-01	3.526456938701611477e-01	2.371648733414422755e-02	1.581916275689101870e+00	-2.002668117243052437e-01
-2.054573612117940040e-01	3.526272012823662982e-01	2.372330734506672076e-02	1.581927698731730114e+00	-2.002732154522531283e-01
-2.054910161846834338e-01	3.526148504755914903e-01	2.371897138586594872e-02	1.581929246559027780e+00	-2.002679312443922111e-01
-2.055380205688562278e-01	3.526492821877172390e-01	2.371474719776125312e-02	1.581933307214756779e+00	-2.002878387777866920e-01
-2.054306744906153892e-01	3.526258805543762143e-01	2.369139806913512017e-02	1.581932532378337530e+00	-2.002302746715455550e-01
-2.054267853421348211e-01	3.525989536772089483e-01	2.370710279812778681e-02	1.581941980509182111e+00	-2.002602186534354900e-01
-2.054580680322095065e-01	3.526657779724116648e-01	2.371792593988315476e-02	1.581927752610792437e+00	-2.002686071456209194e-01
-2.054568121129395630e-01	3.526193910287326871e-01	2.372163312585408301e-02	1.581915202299851275e+00	-2.002756427970594222e-01
-2.054411456552232562e-01	3.526238048805537817e-01	2.373910905019986639e-02	1.581931971191724351e+00	-2.002720436368799484e-01
-2.055268799360970566e-01	3.525743964129258723e-01	2.372106928662527300e-02	1.581927714276784469e+00	-2.002687729239430725e-01
-2.054927251745888861e-01	3.526639904374052614e-01	2.370564045553390578e-02	1.581928004672890298e+00	-2.002600401628208404e-01
-2.054631450503351664e-01	3.526303197669332090e-01	2.369700648517437599e-02	1.581916587567314680e+00	-2.002761529638073801e-01
-2.055674091093672995e-01	3.526042607132888196e-01	2.373511470291523803e-02	1.581927746228868337e+00	-2.002788738072044383e-01
-2.054214118893289420e-01	3.526414017190150907e-01	2.371819185884161199e-02	1.581931508635409100e+00	-2.002634190701856332e-01
-2.055218113889802356e-01	3.526642545038503607e-01	2.372409466784833332e-02	1.581927105099052433e+00	-2.002688574377226027e-01
-2.055492074856341278e-01	3.526279763735077344e-01	2.371898961867848973e-02	1.581952469432304165e+00	-2.002414810782569554e-01
-2.054966737850912883e-01	3.526404483733328044e-01	2.371882473486142118e-02	1.581928478829097484e+00	-2.002694209657662483e-01
-2.054935719154980245e-01	3.525577936490923436e-01	2.373364784514316733e-02	1.581926520834274985e+00	-2.002865002305285191e-01
-2.054841006169957907e-01	3.526465388107826171e-01	2.370081992433183821e-02	1.581933269547088461e+00	-2.002619082243695947e-01
-2.055821711696809162e-01	3.526122974120550202e-01	2.371816352239335124e-02	1.581921884483057150e+00	-2.002671713632065975e-01
-2.055383312378185334e-01	3.526257119757572611e-01	2.371887518142927129e-02	1.581919825378514721e+00	-2.002686243551611567e-01
-2.054496908280523670e-01	3.526949718597535699e-01	2.371527618792758016e-02	1.581927559514776149e+00	-2.002711339395378820e-01
-2.054773976973113814e-01	3.526378015656944087e-01	2.370949969148598846e-02	1.581934318527742134e+00	-2.002770853333590562e-01
-2.055022230980810549e-01	3.525935709631548010e-01	2.370817323370093960e-02	1.581928341437697005e+00	-2.002637713400576835e-01
-2.054875522750530537e-01	3.525739033623672136e-01	2.371239937186345875e-02	1.581982795223123794e+00	-2.002631773196720255e-01
-2.055216870986274480e-01	3.525811575407130083e-01	2.371169685668252439e-02	1.581949556400955359e+00	-2.002731940077377426e-01
-2.054645947787268612e-01	3.526263224851786116e-01	2.371652689910952808e-02	1.581927942106224005e+00	-2.002685408690232927e-01
-2.054414188134743302e-01	3.526244503260029806e-01	2.371774977496837397e-02	1.581927757000775481e+00	-2.002684832662847692e-01
-2.054389261221442609e-01	3.525692105629032458e-01	2.371802823236824828e-02	1.581927762808371662e+00	-2.002685564270771934e-01
-2.054859799847646717e-01	3.526244151349907097e-01	2.373975462065355466e-02	1.581921348447686615e+00	-2.002518168750313521e-01
-2.054601937590977978e-01	3.526165778329718448e-01	2.370141889336799951e-02	1.581938041578616616e+00	-2.002705232494107757e-01
-2.054880254450339450e-01	3.526216571560679136e-01	2.375925097120573648e-02	1.581942442605641874e+00	-2.002761135413853588e-01
-2.054114513949762688e-01	3.526497205814724811e-01	2.371806234557664525e-02	1.581922440345230774e+00	-2.002646737142199929e-01
-2.055242159688163983e-01	3.526854681290399474e-01	2.376141029237275118e-02	1.581928096091644198e+00	-2.002653794310844670e-01
-2.054382167780523794e-01	3.526381168212399109e-01	2.373442156707578771e-02	1.581929090762740131e+00	-2.002627864489352483e-01
-2.054926794409660529e-01	3.526240134139597693e-01	2.365782219872126016e-02	1.581929105925357293e+00	-2.002705961675451396e-01
-2.054603741289163510e-01	3.526407251140787902e-01	2.371627444161911874e-02	1.581948773115265938e+00	-2.002884782128775409e-01
-2.054898384764703712e-01	3.526355656221443757e-01	2.374381863030548476e-02	1.581929613083227881e+00	-2.002658228243608118e-01
-2.055379616801514264e-01	3.526284567912296164e-01	2.372780568288502395e-02	1.581927217790320306e+00	-2.002675694209271884e-01
-2.054727686680530296e-01	3.526253586380725391e-01	2.372295850190374311e-02	1.581929862074542781e+00	-2.002708976716623124e-01
-2.054821306771315026e-01	3.527024428828753888e-01	2.371989581958971333e-02	1.581927039887848885e+00	-2.002685543826560055e-01
-2.054972607829692322e-01	3.526255302277063741e-01	2.366945225139429135e-02	1.581928246033128094e+00	-2.002683084067300445e-01
-2.054548638125153204e-01	3.526154155989025818e-01	2.371265913017048255e-02	1.581907814881100327e+00	-2.002744076058800005e-01
-2.054456490916652944e-01	3.526203492269161521e-01	2.371835876877951416e-02	1.581930984629360326e+00	-2.002714878311867286e-01
-2.054888585937770240e-01	3.526421443978308146e-01	2.366510910494882061e-02	1.581937609242704434e+00	-2.002719145136704348e-01
-2.055221330459305606e-01	3.526256232270685853e-01	2.371853349953594384e-02	1.581927009089216796e+00	-2.002681853300533610e-01
-2.055093742249280153e-01	3.526983191638233817e-01	2.371971408381306004e-02	1.581933073737045170e+00	-2.002679857317353207e-01
-2.054699637164346393e-01	3.526224656851537631e-01	2.372062991949519181e-02	1.581940334340371956e+00	-2.002606174786268622e-01
-2.055297758823731724e-01	3.526036853630746259e-01	2.373646705230834236e-02	1.581930436153837105e+00	-2.002697690955232979e-01
-2.055083885948386646e-01	3.525770810421540724e-01	2.374586867147767538e-02	1.581928737612717573e+00	-2.002673488385443845e-01
-2.055278309821697846e-01	3.526361898836621878e-01	2.370354864523916902e-02	1.581928838903865264e+00	-2.002746827564924337e-01
-2.055694818482626807e-01	3.526203787153859848e-01	2.372444805563416956e-02	1.581926372452009844e+00	-2.002689765280183665e-01
-2.054932028591989757e-01	3.525959667960342214e-01	2.370278613805526166e-02	1.581928003352405687e+00	-2.002720786717482604e-01
-2.054844528980678819e-01	3.526319716362650292e-01	2.368069514142618487e-02	1.581962277619558321e+00	-2.002564203611896243e-01
-2.054661170205805687e-01	3.526666860637503453e-01	2.371791539154314427e-02	1.581925949731487258e+00	-2.002712665537338121e-01
-2.055193743200633971e-01	3.525969497130369557e-01	2.371253035956267380e-02	1.581901353376590880e+00	-2.002898483645336458e-01
-2.054947288463575827e-01	3.526759283474251716e-01	2.367833657057523411e-02	1.581931690111691768e+00	-2.002606770093765809e-01
-2.054648533019854673e-01	3.525772107744221118e-01	2.371061986304367000e-02	1.581928589917548811e+00	-2.002688253121960582e-01
-2.054048413788141236e-01	3.526248597785195393e-01	2.371743895256771262e-02	1.581926774308631378e+00	-2.002700859209605999e-01
-2.055006900125889713e-01	3.526261068109300956e-01	2.375423474056658976e-02	1.581927468529280123e+00	-2.002698629923309326e-01
-2.054224705627354097e-01	3.526308587243669468e-01	2.373612166880300495e-02	1.581926075353723871e+00	-2.002658792882926475e-01
-2.054606067224699351e-01	3.526292741626578797e-01	2.369695056383541720e-02	1.581923146656071033e+00	-2.002686782183159264e-01
-2.055718946286031745e-01	3.526257515321687963e-01	2.371811916260916850e-02	1.581927788131553658e+00	-2.002683698740817531e-01
-2.055152056167176278e-01	3.526046830203606874e-01	2.370194077404221000e-02	1.581922547158143066e+00	-2.002822663736773257e-01
-2.055308692821525840e-01	3.526265729456325437e-01	2.369483128970370500e-02	1.581927815135842463e+00	-2.002720242863321454e-01
-2.055813862767075229e-01	3.526193316456138760e-01	2.371310381457130897e-02	1.581927097311405461e+00	-2.002686826685222132e-01
-2.054699299532654067e-01	3.526525455084644767e-01	2.373390941064742674e-02	1.581921777638621851e+00	-2.002824664242631170e-01
-2.054779387794445078e-01	3.526748627166230721e-01	2.371811310434196116e-02	1.581916273215363766e+00	-2.002503022857533010e-01
-2.054914104457546131e-01	3.526979556322658027e-01	2.372336440779490921e-02	1.581935320332472861e+00	-2.002633570488618620e-01
-2.054684472067850598e-01	3.525760256252580271e-01	2.372543600319610910e-02	1.581934063035283167e+00	-2.002640573602578467e-01
-2.054109555454378955e-01	3.526263219870918175e-01	2.372156879618629241e-02	1.581928454581175814e+00	-2.002678221461799968e-01
-2.054794101404155693e-01	3.526717343619517608e-01	2.370999978424380775e-02	1.581914530859222401e+00	-2.002828879073555168e-01
-2.055499813579853008e-01	3.526130083147241967e-01	2.373627293344877584e-02	1.581935583753292018e+00	-2.002741949749891615e-01
-2.054937387941481175e-01	3.526307155139487004e-01	2.376737987714603109e-02	1.581878370695236624e+00	-2.002650684481764032e-01
-2.054762729272909261e-01	3.525904945594440787e-01	2.372253045392158644e-02	1.581925227946443746e+00	-2.002886800273666335e-01
-2.055062159468022676e-01	3.525446322137328892e-01	2.371842363717463140e-02	1.581927454113650100e+00	-2.002696988699653458e-01
-2.054487692519126885e-01	3.526587057895467781e-01	2.371974806454042739e-02	1.581927006180627204e+00	-2.002680361772647133e-01
-2.054922362936298652e-01	3.526171142025650296e-01	2.371264012872739343e-02	1.581845389664776391e+00	-2.002382276696302865e-01
-2.055107055800071691e-01	3.526240311318161180e-01	2.371874176861057254e-02	1.581925491410584472e+00	-2.002680247511163525e-01
-2.055666903254063371e-01	3.526246142292233654e-01	2.371489827517022850e-02	1.581885331291005503e+00	-2.002606029475335336e-01
-2.055472597940819213e-01	3.526456241776016465e-01	2.371450906326899935e-02	1.581930605575096127e+00	-2.002663385120661832e-01
-2.054939974529398639e-01	3.526182240297345283e-01	2.372024284512990952e-02	1.581927787139655317e+00	-2.002719295121200838e-01
-2.054938572665641061e-01	3.525644709709302993e-01	2.370909166117446398e-02	1.581948278691028165e+00	-2.002680247390077328e-01
-2.055245702444323530e-01	3.526389182515272669e-01	2.371800455196775362e-02	1.581928044461597960e+00	-2.002697957682771923e-01
-2.054669476461842004e-01	3.526786562932163749e-01	2.369027073254053803e-02	1.581926196876669133e+00	-2.002700866030804328e-01
-2.054383778819572071e-01	3.526412333257034071e-01	2.373638098713888936e-02	1.581929840190740899e+00	-2.002692301173317202e-01
-2.054621547170349671e-01	3.526588343608732523e-01	2.370802798915091700e-02	1.581924449714656511e+00	-2.002735023694786898e-01
-2.054955956585727550e-01	3.526248067444963663e-01	2.371905759837060826e-02	1.581926321689524295e+00	-2.002718913290007230e-01
-2.054731694470605663e-01	3.526554694642143883e-01	2.376538784942798174e-02	1.581906766365799744e+00	-2.002520917452462745e-01
-2.055072870349859138e-01	3.526358744250139288e-01	2.374938517482055866e-02	1.581961807891077099e+00	-2.002669635083171862e-01
-2.054754212349832188e-01	3.526383684794506257e-01	2.375088676382652864e-02	1.581929806792390814e+00	-2.002686959565379565e-01
-2.054638102856055637e-01	3.526270333189461814e-01	2.371771434469332335e-02	1.581927379277964008e+00	-2.002692758600650713e-01
-2.054300264937668208e-01	3.526319071868255772e-01	2.371809806444280175e-02	1.581904179434238555e+00	-2.002710269879627858e-01
-2.054865777429659979e-01	3.526245682566633288e-01	2.376506238529553505e-02	1.581937747529478244e+00	-2.002795907084649052e-01
-2.054674501304293577e-01	3.526484370853131267e-01	2.368439030947767573e-02	1.581937884612416356e+00	-2.002725361173776919e-01
-2.054477630663159304e-01	3.526155115864318956e-01	2.371857622238376234e-02	1.581931107876739961e+00	-2.002675263737661304e-01
-2.054838283776128927e-01	3.526255407286354449e-01	2.371714062637384629e-02	1.581928700775081742e+00	-2.002685912646304245e-01
-2.054687054670192303e-01	3.526338194677650639e-01	2.372752881282133922e-02	1.581918406747137462e+00	-2.002948971310451465e-01
-2.054957505888505009e-01	3.526336356903320146e-01	2.374290967390820309e-02	1.581930866907123034e+00	-2.002664463882933843e-01
-2.055273325236002258e-01	3.526342494154531271e-01	2.371864483291226747e-02	1.581928170591429206e+00	-2.002685858970220667e-01
-2.055095461397996037e-01	3.526391130528182538e-01	2.371814732921532012e-02	1.581926835012504862e+00	-2.003031197541385311e-01
-2.054888932313986005e-01	3.526267581830141995e-01	2.377104245509843380e-02	1.581927244512396857e+00	-2.002679758454622150e-01
-2.055214730515225185e-01	3.526272620310804129e-01	2.375664427832583497e-02	1.581927863027908554e+00	-2.002755956538899151e-01
-2.054920326762523231e-01	3.525815784566296851e-01	2.372533424553098166e-02	1.581925637835164711e+00	-2.002696078081213915e-01
-2.055049269433062986e-01	3.525750247523654068e-01	2.372624994982664576e-02	1.581927858004996024e+00	-2.002693465079400104e-01
-2.054320620939892594e-01	3.525693523658856021e-01	2.370719479046578398e-02	1.581930593437647081e+00	-2.002340022043044288e-01
-2.054748843083719356e-01	3.526225245796781871e-01	2.367148540596494474e-02	1.581925579975169249e+00	-2.002704032699328118e-01
-2.054906874641760639e-01	3.525355530597511500e-01	2.373000564367649251e-02	1.581923851874978082e+00	-2.002722660215901784e-01
-2.055036566417210164e-01	3.526222934055984748e-01	2.371848253994693692e-02	1.581928354185726304e+00	-2.002658294750480350e-01
-2.054685182775597141e-01	3.526259596873084212e-01	2.371830059652261027e-02	1.581927702773982203e+00	-2.002687515190598455e-01
-2.055012578346157026e-01	3.526860359500418318e-01	2.371360877683576646e-02	1.581925798962560803e+00	-2.002675523828086612e-01
-2.054462607126710805e-01	3.526838604199837857e-01	2.370742647466703504e-02	1.581931606836527227e+00	-2.002762079169232989e-01
-2.054471022155583138e-01	3.526100630915200984e-01	2.372671735005536450e-02	1.581919120261817024e+00	-2.002692912694468697e-01
-2.055030645853704596e-01	3.526550897286137021e-01	2.371751186422967062e-02	1.581923847860308152e+00	-2.002699027563959733e-01
-2.054758896591535322e-01	3.526643353236440515e-01	2.374643030857991402e-02	1.581927648665554242e+00	-2.002686034799895376e-01
-2.054837687309755967e-01	3.526605286016962215e-01	2.372660239435800747e-02	1.581927307208558675e+00	-2.002689130412081686e-01
-2.054845274385011800e-01	3.525751694945650772e-01	2.370570261029467801e-02	1.581926217418080594e+00	-2.002881055733610194e-01
-2.054997762308905795e-01	3.526365976491910303e-01	2.374539457002551937e-02	1.581980311712616993e+00	-2.002784117114383977e-01
-2.054745637966581273e-01	3.526030954467418432e-01	2.371971880409767114e-02	1.581947579653099734e+00	-2.002888925810840659e-01
-2.054841688106327224e-01	3.526245515112001461e-01	2.369323707561196701e-02	1.581921578268890238e+00	-2.002235093453559600e-01
-2.054861503707824666e-01	3.526947662218854473e-01	2.369607114993925456e-02	1.581923621119512902e+00	-2.002736453751305934e-01
-2.054820505718235046e-01	3.526574468679613550e-01	2.372212500376676136e-02	1.581929421558296855e+00	-2.002537615233150603e-01
-2.054997261327959901e-01	3.526294341756777695e-01	2.371534748144384780e-02	1.581927754646847095e+00	-2.002697801073886064e-01
-2.054686872321913327e-01	3.525690593328367206e-01	2.371629810639295025e-02	1.581927377497827525e+00	-2.002612884853946229e-01
-2.054719913433472600e-01	3.527090705704092888e-01	2.371220012979018132e-02	1.581928349164643199e+00	-2.002732376121695579e-01
-2.055012770638004194e-01	3.526759584679437509e-01	2.373676416550878424e-02	1.581927011634821634e+00	-2.002825365775137700e-01
-2.054881795360488372e-01	3.526722290349172950e-01	2.369434794725403318e-02	1.581940468918132670e+00	-2.002686717679120210e-01
-2.055318885045386845e-01	3.525644355142650843e-01	2.370053005402502494e-02	1.581905388325623107e+00	-2.002719158639975627e-01
-2.054737349996176299e-01	3.525530159051932788e-01	2.369947921425068216e-02	1.581927380706628528e+00	-2.002671961227311670e-01
-2.055122114687457091e-01	3.527196279218842712e-01	2.372069496602050021e-02	1.581924667189030131e+00	-2.002725397929612516e-01
-2.054265352283265733e-01	3.526244887499663250e-01	2.372517208895649418e-02	1.581929014330426542e+00	-2.002666615677454465e-01
-2.055635205243519503e-01	3.526276169805455107e-01	2.370872283252744780e-02	1.581939698113450588e+00	-2.002710209582043988e-01
-2.055100786820006631e-01	3.526415838159981941e-01	2.372776487280910118e-02	1.581911836299820129e+00	-2.002244161370202447e-01
-2.054294631163762486e-01	3.526318822090452332e-01	2.375879975531625110e-02	1.581912687930699279e+00	-2.002660769131102136e-01
-2.054210922655742566e-01	3.525966244616303702e-01	2.371903436367738330e-02	1.581915933433684751e+00	-2.002727168571002414e-01
-2.055316401708529306e-01	3.526026650921497141e-01	2.372914943466736953e-02	1.581914237458165395e+00	-2.002691721142292880e-01
-2.054900876041455549e-01	3.525285491658262105e-01	2.371404812426142206e-02	1.581927926568082565e+00	-2.002690175965932129e-01
-2.054319722357239586e-01	3.526491512872524936e-01	2.372114354503333800e-02	1.581927492949011027e+00	-2.002688576444529855e-01
-2.055099555009953227e-01	3.526754201860216043e-01	2.370351244059248561e-02	1.581932374153211640e+00	-2.003125773732608306e-01
-2.054676608529862336e-01	3.526168957384164249e-01	2.374223690832941158e-02	1.581928239356605648e+00	-2.002685994410292047e-01
-2.054376057257120969e-01	3.526301542634926456e-01	2.377237131217167440e-02	1.581941413868019231e+00	-2.002799890840206432e-01
-2.054840259443393435e-01	3.526019279763964454e-01	2.373032253884484535e-02	1.581994100852748719e+00	-2.002786697276571215e-01
-2.055659833294915251e-01	3.526140501019960904e-01	2.373610769258054087e-02	1.581954629996128014e+00	-2.002704003277951672e-01
-2.055068155316548129e-01	3.526281148456493764e-01	2.372107358327530530e-02	1.581922614672637062e+00	-2.002667115989531510e-01
-2.054893923698321578e-01	3.526098874224730673e-01	2.371893417706474189e-02	1.581919901341721335e+00	-2.002842032838927366e-01
-2.054877377414194295e-01	3.526534812530600083e-01	2.373882034717739870e-02	1.581920463995971193e+00	-2.002819879085053489e-01
-2.054448766857832342e-01	3.526360724449632555e-01	2.374672361820806543e-02	1.581976272175223963e+00	-2.002482812940490353e-01
-2.054830637588465625e-01	3.526433994134730576e-01	2.371828010099695169e-02	1.581929188466237202e+00	-2.002650540530527545e-01
-2.055368419891866749e-01	3.526686464681855204e-01	2.371724886077450703e-02	1.581928433160039393e+00	-2.002689045123612621e-01
-2.054781961139310886e-01	3.526444355968038069e-01	2.370487528528091026e-02	1.581927029709255139e+00	-2.002695180029717692e-01
