-3.429512962666491083e-01	7.619518192092666897e-01	-3.233440053372414469e-01	4.513045147833990578e-01	3.321013995111040673e-01
-3.430292652941854814e-01	7.619501449123243786e-01	-3.233069308634369809e-01	4.513327516069204903e-01	3.320708470656187350e-01
-3.429926285914364215e-01	7.619914175795663436e-01	-3.233307691105595238e-01	4.513797722797562861e-01	3.320778279709558078e-01
-3.429795128720525277e-01	7.619699495090674901e-01	-3.232830318104534251e-01	4.513483570265162115e-01	3.320985682168368647e-01
-3.429803620338452430e-01	7.619233215235360346e-01	-3.232690303859379610e-01	4.513347558806773963e-01	3.320762512699460545e-01
-3.429668226652510810e-01	7.619507593253137534e-01	-3.233308507936710763e-01	4.513350154861539565e-01	3.320692897524231690e-01
-3.429896234047264403e-01	7.619711404699240909e-01	-3.233695376681214317e-01	4.513441527245810603e-01	3.320795523570981289e-01
-3.429500099632771248e-01	7.619428303225653787e-01	-3.233265554538465869e-01	4.513231126490599987e-01	3.320861151159975044e-01
-3.429786888130388900e-01	7.619740562215189250e-01	-3.233494210065901986e-01	4.513357608673248533e-01	3.320637969981523052e-01
-3.430206749998451765e-01	7.619609843603228905e-01	-3.233300590807700048e-01	4.513268408527250641e-01	3.320694651989719581e-01
-3.429295689629037747e-01	7.620071248139542730e-01	-3.233276396942265651e-01	4.513326641318460286e-01	3.320559631258220845e-01
-3.429654627942156364e-01	7.619592145242743975e-01	-3.232973180158121851e-01	4.513688614185907833e-01	3.320656842340126147e-01
-3.429678890173180617e-01	7.619937065780373331e-01	-3.233394698579249438e-01	4.513159503071893508e-01	3.320703174960583648e-01
-3.429919757874045350e-01	7.619438680327408342e-01	-3.233289903009536337e-01	4.513379145411495763e-01	3.320710683494593196e-01
-3.429877474036990836e-01	7.618671282725278937e-01	-3.233299309139519573e-01	4.513333134830129212e-01	3.320689726624932447e-01
-3.429519989725788309e-01	7.619690362950813922e-01	-3.233281716158529218e-01	4.513356961999204775e-01	3.320729921602978418e-01
-3.430336898593118744e-01	7.619811109493629386e-01	-3.233793925358403043e-01	4.513421970649581505e-01	3.320674895017713402e-01
-3.430591619666085723e-01	7.619828142868283472e-01	-3.233204113697485393e-01	4.513347348168160744e-01	3.320693690541589582e-01
-3.429106806529276796e-01	7.619516038026420413e-01	-3.233445953562102404e-01	4.513410728087508539e-01	3.320892581409497502e-01
-3.429793907076697512e-01	7.619978307817871777e-01	-3.233397826694127675e-01	4.512989306089624786e-01	3.320687343221924159e-01
-3.429571303168036933e-01	7.619610408647794486e-01	-3.233088277173603586e-01	4.513349344575415256e-01	3.320696414430009402e-01
-3.430292536611986853e-01	7.619507718868255841e-01	-3.233208396100883397e-01	4.513350581451294752e-01	3.320738683185440743e-01
-3.429748886875092495e-01	7.620113998583446513e-01	-3.232951850147358086e-01	4.513200817501739071e-01	3.320659080185073275e-01
-3.430142091108445701e-01	7.619215414325176683e-01	-3.232875207106573612e-01	4.513308611736837617e-01	3.320792178140816175e-01
-3.429367789815602197e-01	7.619476680880667985e-01	-3.233268700957203090e-01	4.513027635385751246e-01	3.320656079711827302e-01
-3.429825674472286035e-01	7.619566620010270741e-01	-3.232980864303608426e-01	4.513356273680450559e-01	3.320711770138291552e-01
-3.429677953245649502e-01	7.619506203442610870e-01	-3.233744898458099093e-01	4.513354649727645551e-01	3.320511233386379546e-01
-3.429939566073593737e-01	7.619585308262929457e-01	-3.233423330926158412e-01	4.513450328615513096e-01	3.320582963572831225e-01
-3.430021698782980133e-01	7.619542504631151569e-01	-3.233291053304985230e-01	4.513352292206240790e-01	3.320702955590565386e-01
-3.429266043173125333e-01	7.619436597513649101e-01	-3.233366671189364383e-01	4.513358909822381970e-01	3.320689155388460434e-01
-3.430261328756191164e-01	7.619937457693209959e-01	-3.232966952575948572e-01	4.513490907326631052e-01	3.320613803501382133e-01
-3.429930249493730043e-01	7.619920272066493805e-01	-3.233281303790734862e-01	4.513441453757710553e-01	3.320665251120410999e-01
-3.429067418117199839e-01	7.619506229657677654e-01	-3.233270239256971768e-01	4.513351363548083195e-01	3.320719049756490904e-01
-3.430357369578470594e-01	7.619658735288317164e-01	-3.233456920920936839e-01	4.513284816508484898e-01	3.320744644210308349e-01
-3.430582018478485207e-01	7.619312968475627779e-01	-3.233280005613312635e-01	4.513350660413432691e-01	3.320692038938130031e-01
-3.429651997190922286e-01	7.620138551574471286e-01	-3.233300451370275108e-01	4.513372120024506939e-01	3.320735370063175873e-01
-3.429270572335587630e-01	7.619496592835235393e-01	-3.232987424337785409e-01	4.513460390279341872e-01	3.320732877432499563e-01
-3.429010097279681646e-01	7.619509855177499791e-01	-3.233577843710739863e-01	4.513384912877734245e-01	3.320678110502415792e-01
-3.429980206656890185e-01	7.620194436876518429e-01	-3.232853024699809397e-01	4.513275032988770530e-01	3.320686057685016124e-01
-3.429576079234836761e-01	7.619489061998511170e-01	-3.233740296302874406e-01	4.513356876940022300e-01	3.320944383375692976e-01
-3.429188918097116900e-01	7.619522149987325577e-01	-3.233472756226742351e-01	4.513507782675319491e-01	3.320722259733147053e-01
-3.429651040690718244e-01	7.619916402195631155e-01	-3.233467272629667599e-01	4.513350953265586329e-01	3.320770795216626547e-01
-3.429507095838310038e-01	7.619512908406643747e-01	-3.233050772564219355e-01	4.513531265667269921e-01	3.320021234739212179e-01
-3.429911858724820073e-01	7.619522779598036921e-01	-3.233288115388163741e-01	4.513392049338796896e-01	3.320683109027122715e-01
-3.430016402415475563e-01	7.620156005544229672e-01	-3.233510061689155446e-01	4.513355303614627334e-01	3.320645575902047009e-01
-3.429693351472675178e-01	7.619695282738768727e-01	-3.233681551371200835e-01	4.513352449551408796e-01	3.320690701547183155e-01
-3.429827054139816811e-01	7.619084585035413859e-01	-3.233209382086109640e-01	4.513511376972368372e-01	3.320683357814617209e-01
-3.429896757827618492e-01	7.620121272201990648e-01	-3.233166263438400079e-01	4.513074604108337495e-01	3.320335098129734153e-01
-3.429897427299643531e-01	7.619479600792725682e-01	-3.233321890853442793e-01	4.513406290890628614e-01	3.320757933922109384e-01
-3.429664037258402520e-01	7.619611282259645124e-01	-3.233341342715373434e-01	4.513352935031613722e-01	3.320696490569270409e-01
-3.429619419509259415e-01	7.618694133646068956e-01	-3.233297258668940688e-01	4.513510519078681171e-01	3.320868482106962838e-01
-3.429499230964742074e-01	7.619259743871369395e-01	-3.233468040764292950e-01	4.513288488032454748e-01	3.320767334436764973e-01
-3.430629505480292663e-01	7.619429317403626500e-01	-3.233457908289519289e-01	4.513319163754878072e-01	3.320702853401250598e-01
-3.429483746496286289e-01	7.619513996773061848e-01	-3.233297493087023411e-01	4.513365262230200625e-01	3.320517511436547609e-01
-3.429025124593898521e-01	7.619405766352020937e-01	-3.233307111466383610e-01	4.513319808044940484e-01	3.320697009652003873e-01
-3.429313059792504226e-01	7.619560823551692064e-01	-3.233273625093532333e-01	4.513325210660253384e-01	3.320844873807416442e-01
-3.430239311464108320e-01	7.619539820875629310e-01	-3.232903539410414417e-01	4.513343773859173069e-01	3.320531778929840527e-01
-3.429868570786268056e-01	7.619570643709600022e-01	-3.232591323306671649e-01	4.513341972884886144e-01	3.320703843502315067e-01
-3.430411654392589438e-01	7.619449544550180864e-01	-3.233313662343298978e-01	4.513351535942987658e-01	3.320714699581641116e-01
-3.429923932412232701e-01	7.618894224208011545e-01	-3.233163022626470706e-01	4.513356872698011668e-01	3.320699617350689192e-01
-3.429820319379747739e-01	7.618559806484775931e-01	-3.233292131449196360e-01	4.513350808901419042e-01	3.320690989163673223e-01
-3.429602761630671792e-01	7.619628046099103935e-01	-3.233235546386075687e-01	4.513363984015634212e-01	3.320760909294428465e-01
-3.429433702665873884e-01	7.619355853596200268e-01	-3.233260527161840314e-01	4.513384016045478009e-01	3.320460200176020837e-01
-3.430339583038026219e-01	7.619508402022808768e-01	-3.233407756802193500e-01	4.513352739164107064e-01	3.320789303229401135e-01
-3.429784610678644485e-01	7.619462134656154184e-01	-3.233635356954174256e-01	4.513150021533011702e-01	3.320675709797236697e-01
-3.429708245520435850e-01	7.619616061662610740e-01	-3.233465510155025258e-01	4.512920856963070770e-01	3.320133019230505633e-01
-3.429993341465703005e-01	7.619611513901950461e-01	-3.232653309096049643e-01	4.513158316480824217e-01	3.320545617471715172e-01
-3.428947035247375541e-01	7.619542132342548291e-01	-3.233351125067943088e-01	4.513285911302750697e-01	3.320646702480881673e-01
-3.429934078835449873e-01	7.619518520331810540e-01	-3.233921936394068553e-01	4.513351923057793980e-01	3.320685736759522722e-01
-3.430212816537383524e-01	7.619509499343006809e-01	-3.233278078616302342e-01	4.513318670958993417e-01	3.320686360513639412e-01
-3.429701794298066209e-01	7.619809162977760897e-01	-3.232791518910486661e-01	4.513348530028788996e-01	3.320691996614058561e-01
-3.429626640324861531e-01	7.619633048463951841e-01	-3.233130841255215104e-01	4.513384434368068465e-01	3.320709144016926184e-01
-3.429742485050465972e-01	7.619343244480467625e-01	-3.232998658650411139e-01	4.513331208216311285e-01	3.320850724177051849e-01
-3.429827069565319908e-01	7.618787702449930643e-01	-3.233296057358502895e-01	4.513352770721676399e-01	3.320801501008522338e-01
-3.429799045911449129e-01	7.619223686069326318e-01	-3.233303559530574800e-01	4.513034506237297849e-01	3.320791822236339175e-01
-3.429718131323268304e-01	7.619993520199861425e-01	-3.233452708249984764e-01	4.513107377699513978e-01	3.320608256375086054e-01
-3.430037667508275545e-01	7.619538364640953132e-01	-3.233246964835826409e-01	4.513385828274973921e-01	3.320700295748216235e-01
-3.429925919925540523e-01	7.620069790466129644e-01	-3.233175625975799328e-01	4.513429774459828403e-01	3.321186615678506926e-01
-3.429520290525277515e-01	7.619461612577298482e-01	-3.233284856669406682e-01	4.513282714017287089e-01	3.320606004509573661e-01
-3.429855413415897059e-01	7.619366675047503090e-01	-3.233235839734058814e-01	4.512948363146124797e-01	3.320603476980845681e-01
-3.429959555201952393e-01	7.619381753498085663e-01	-3.232867669461626514e-01	4.513290152516841736e-01	3.320719370813412508e-01
-3.429559003213927260e-01	7.619027675549300271e-01	-3.233158565229495851e-01	4.513518894341223553e-01	3.320682604600552201e-01
-3.429852208311010564e-01	7.619518724494152018e-01	-3.233053445037621376e-01	4.513151765104083668e-01	3.320481944798349683e-01
-3.429661997820630526e-01	7.619400714958525223e-01	-3.233219032455081909e-01	4.513206427356814543e-01	3.320728006316726599e-01
-3.430158127399131618e-01	7.620364427132552132e-01	-3.233285663328123172e-01	4.513344129985383257e-01	3.320817364927630133e-01
-3.430223245863358583e-01	7.619413073200268505e-01	-3.233461473996824820e-01	4.513352247307502729e-01	3.320610219350431103e-01
-3.430251147504425613e-01	7.619342444611718612e-01	-3.233267261844972595e-01	4.513321194262241431e-01	3.320447991867495618e-01
-3.429501038976581762e-01	7.619419094631650902e-01	-3.233073633349538012e-01	4.513069943861780509e-01	3.320700695736361618e-01
-3.430169499161220270e-01	7.620040500424506424e-01	-3.233215470510363843e-01	4.513282850915724675e-01	3.320691120631246163e-01
-3.429731933821694723e-01	7.619624382439088572e-01	-3.233305567961161087e-01	4.513385791320912444e-01	3.320718619082340117e-01
-3.429440055572136603e-01	7.619554854097003727e-01	-3.232972366248910157e-01	4.513367586910638773e-01	3.320664032183706649e-01
-3.429553334410714860e-01	7.619540882950383009e-01	-3.233423791170218498e-01	4.513422558557438347e-01	3.320678382915780436e-01
-3.429636510994955589e-01	7.619507979157706945e-01	-3.233445981381793399e-01	4.513379158168395744e-01	3.320723212351770481e-01
-3.428891057679960830e-01	7.619501728682164243e-01	-3.233214882255838751e-01	4.513353601918494995e-01	3.320522013273068951e-01
-3.429515396480096734e-01	7.619538763358426614e-01	-3.233478426807472328e-01	4.513355873451898037e-01	3.320665375729476843e-01
-3.429942201534256219e-01	7.619739060953195642e-01	-3.233311694753626675e-01	4.513860385249312546e-01	3.320160283947962143e-01
-3.429840502819876402e-01	7.619418194965932312e-01	-3.233787903239853101e-01	4.513496552495508407e-01	3.321029094898987899e-01
-3.429491399535244955e-01	7.619514814959218452e-01	-3.233302079537908602e-01	4.513327568872226858e-01	3.320717209814905146e-01
-3.430307020413980168e-01	7.619475380795348585e-01	-3.233371856627301755e-01	4.513329019846506474e-01	3.320718348100854533e-01
-3.429343990335168013e-01	7.619552300837409975e-01	-3.233338241410734781e-01	4.513624357321373015e-01	3.320894571113791049e-01
-3.429498463415615594e-01	7.619103522561390118e-01	-3.233615733057348396e-01	4.513357681113344677e-01	3.320719008259755967e-01
-3.429190826113166501e-01	7.619527902395560881e-01	-3.233267853278345982e-01	4.513276894686997776e-01	3.320711386909092622e-01
-3.428987361970972092e-01	7.619512973159616731e-01	-3.233215812924926658e-01	4.513351588985253793e-01	3.320692191846870700e-01
-3.430352624260233907e-01	7.619226180048718211e-01	-3.232940809189759901e-01	4.513306087662471988e-01	3.320680121437314947e-01
-3.429849488872362961e-01	7.619409972184569835e-01	-3.233264655025433476e-01	4.513395884079734466e-01	3.320653213476036369e-01
-3.429711195495635523e-01	7.619760058841271722e-01	-3.232992275306811880e-01	4.513480400680008886e-01	3.320482506325086458e-01
-3.429999470061843025e-01	7.619483647301383833e-01	-3.233350542692046692e-01	4.513236319444801636e-01	3.320645972266769164e-01
-3.429505839510461063e-01	7.619531729992210511e-01	-3.233232344414161408e-01	4.513322444528484190e-01	3.320485215655213929e-01
-3.429841759183431815e-01	7.619390137601831370e-01	-3.233403589101510045e-01	4.513327234500211227e-01	3.320726752631890655e-01
-3.429576325228752554e-01	7.620275211265227222e-01	-3.233261594720122090e-01	4.513344965374369022e-01	3.320727899235846325e-01
-3.429710988880555478e-01	7.619658356168996782e-01	-3.233238838276812355e-01	4.513690142569153907e-01	3.320722125027403271e-01
-3.429520968024138416e-01	7.619258691323692601e-01	-3.232747139916170021e-01	4.513261959502061771e-01	3.320496103555828915e-01
-3.429606639235676657e-01	7.619499769954916069e-01	-3.233944222650959599e-01	4.513334738981764627e-01	3.320729382201665358e-01
-3.429619907163767856e-01	7.619372186981004935e-01	-3.232981982423343004e-01	4.513112313354067373e-01	3.320718031726971331e-01
-3.429792785613164363e-01	7.619736820112172904e-01	-3.233889575942417993e-01	4.513269349967670707e-01	3.320486865990743275e-01
-3.429549622676014708e-01	7.619810817725332086e-01	-3.233289602029142951e-01	4.513365793848232443e-01	3.320545877141369839e-01
-3.429784819101265869e-01	7.619708416878171464e-01	-3.232784828733187843e-01	4.513461906379077071e-01	3.320846217163340164e-01
-3.429311054970706207e-01	7.619617527269659796e-01	-3.233249517041617560e-01	4.513145741293158042e-01	3.320695759392679469e-01
-3.429529295561005164e-01	7.619648574288008236e-01	-3.233323470480345962e-01	4.513262997339736460e-01	3.320687209276081964e-01
-3.429629805146002242e-01	7.620121598274463004e-01	-3.233290828328158062e-01	4.513367457071248978e-01	3.320684493825401540e-01
-3.429794869295077486e-01	7.619778266629322339e-01	-3.233115678093585466e-01	4.513349298978444057e-01	3.320661511798598808e-01
-3.429088404601147166e-01	7.619643629010234287e-01	-3.233290113413647138e-01	4.513353978439162972e-01	3.320690484149715349e-01
-3.429881051042510398e-01	7.619285650110261265e-01	-3.233362850904875074e-01	4.513354175018768344e-01	3.320627005448993918e-01
-3.430164830457603231e-01	7.619566417850393014e-01	-3.233267492768953089e-01	4.513372927780011645e-01	3.320737103631520304e-01
-3.430207535362021498e-01	7.619247068220474928e-01	-3.233702400722304748e-01	4.513378552892257645e-01	3.320693156873526508e-01
-3.429759466058525108e-01	7.619620506038903285e-01	-3.233781931038621771e-01	4.513311764410664617e-01	3.320677074372183069e-01
-3.429799337731641584e-01	7.619299399416160634e-01	-3.233394476519806937e-01	4.513347578475580546e-01	3.320714345191802530e-01
-3.429600964403423102e-01	7.619807849752247009e-01	-3.233223419239110719e-01	4.513349745266777013e-01	3.320707344192259103e-01
-3.430389984039852735e-01	7.619139465251646426e-01	-3.232952808133456313e-01	4.513337586012856062e-01	3.320740717267203768e-01
-3.429446324568393711e-01	7.619395109860860327e-01	-3.233541955327274842e-01	4.513344209759644898e-01	3.320483151755766471e-01
-3.429904814749077935e-01	7.619522225995294384e-01	-3.233364363642142192e-01	4.513379443190351781e-01	3.320673467852340299e-01
-3.428941110856381091e-01	7.619528404944360123e-01	-3.233393114231352117e-01	4.513376101133959040e-01	3.320688858621917983e-01
-3.430229236521313840e-01	7.619793714338497503e-01	-3.233217536335064590e-01	4.513575314212099898e-01	3.320296401796876684e-01
-3.429587653101254241e-01	7.619505195222777694e-01	-3.233233374877987343e-01	4.513393368041581644e-01	3.320785485230645095e-01
-3.430339653059292782e-01	7.619482830917310157e-01	-3.233339799339565168e-01	4.513083857530775234e-01	3.320448368322202470e-01
-3.429023728041446506e-01	7.619360149797345105e-01	-3.233264926976091025e-01	4.513382546813058949e-01	3.320716735439410150e-01
-3.429300260276373358e-01	7.619491208232456181e-01	-3.233319492433021081e-01	4.513169279579850035e-01	3.320916729734370021e-01
-3.429927025319278733e-01	7.619428798336458364e-01	-3.233851832141002580e-01	4.513355662265741697e-01	3.320704501867423053e-01
-3.429542507751933145e-01	7.619440967295458833e-01	-3.233342020959105167e-01	4.513436479497073828e-01	3.320699167209683056e-01
-3.429236193960883416e-01	7.619287424597868119e-01	-3.233248010433041886e-01	4.513355748845626625e-01	3.320705450644760304e-01
-3.429605153547365393e-01	7.618989444284748336e-01	-3.233529126914639340e-01	4.513504498902109474e-01	3.320695317160689553e-01
-3.429079343621732612e-01	7.619421295194264143e-01	-3.233356918531986035e-01	4.513375443590474934e-01	3.321002944308257265e-01
-3.430179705351262820e-01	7.619488884466362189e-01	-3.233489188194271780e-01	4.513392733936658074e-01	3.320729784397362661e-01
-3.430244036016913411e-01	7.619296985089548668e-01	-3.233305708696414538e-01	4.513370787709602427e-01	3.320696040847123665e-01
-3.429783580488868777e-01	7.619695385075495597e-01	-3.233109924207445141e-01	4.513219540430136734e-01	3.321213337477535998e-01
-3.429863345283065690e-01	7.619560211525971960e-01	-3.233769131564563359e-01	4.513372090020377758e-01	3.320700682016136107e-01
-3.429890867285707579e-01	7.619647407517535775e-01	-3.233286546826486529e-01	4.513491355063322663e-01	3.320734758041109513e-01
-3.429501543765470783e-01	7.618783321205527814e-01	-3.233219644143608407e-01	4.513378856414702045e-01	3.320663337551287841e-01
-3.429376369961476545e-01	7.619026282376492043e-01	-3.233189044236509657e-01	4.513260306052235271e-01	3.320631297708951379e-01
-3.429833673040004749e-01	7.619608929647224693e-01	-3.233348015222384797e-01	4.513360596404964453e-01	3.320695895108577989e-01
-3.429887012925473821e-01	7.619086856956051035e-01	-3.233215901484485233e-01	4.513355965544675885e-01	3.320901223353425746e-01
-3.429704643717498835e-01	7.620027428029211292e-01	-3.233316574205872818e-01	4.513361418094086752e-01	3.320711250759542654e-01
-3.429807549472148054e-01	7.619992925064137390e-01	-3.233293363406678500e-01	4.513359187665132444e-01	3.320690448008439821e-01
-3.429247901034733759e-01	7.619502384913914295e-01	-3.233590452229594958e-01	4.513494389281333952e-01	3.320701983417029268e-01
-3.429634813702392981e-01	7.619611497960370183e-01	-3.233213129601209546e-01	4.513453537862023301e-01	3.320594120468531862e-01
-3.430358819035589923e-01	7.619061094417416413e-01	-3.233233820072576314e-01	4.513554279681298853e-01	3.320592442607144257e-01
-3.430355380325335046e-01	7.619653753387535255e-01	-3.233169415862355289e-01	4.513266534949932907e-01	3.320763776205027384e-01
-3.429706444730426518e-01	7.619421712732461494e-01	-3.232673986717103931e-01	4.512958056602094925e-01	3.320678288836016456e-01
-3.429788957427566953e-01	7.619487864084870665e-01	-3.233601559212290200e-01	4.513566997644753442e-01	3.320589489685156770e-01
-3.429065492072026489e-01	7.619718070956565947e-01	-3.233100964781234765e-01	4.513306699265090538e-01	3.320599833345748708e-01
-3.429817484102172243e-01	7.619481013378630596e-01	-3.233243787685802229e-01	4.513307275122846463e-01	3.320665185273108944e-01
-3.429612952150367100e-01	7.619294682236090743e-01	-3.232530372458514711e-01	4.513037600458360554e-01	3.320687483342766866e-01
-3.430477203117580087e-01	7.619343250725036931e-01	-3.232857855671890102e-01	4.513425059610070011e-01	3.320762557840570839e-01
-3.429749528553192039e-01	7.619532050666286693e-01	-3.232884007857093622e-01	4.513334542550861417e-01	3.320660010770532522e-01
-3.428824997384861129e-01	7.619509781419810945e-01	-3.233320232086975277e-01	4.513352981574652034e-01	3.320687116504038583e-01
-3.430128405995375163e-01	7.619666304562435766e-01	-3.233428806597829497e-01	4.513435388106773472e-01	3.320695988271696875e-01
-3.429927137857783359e-01	7.619995330693480895e-01	-3.232601204897043168e-01	4.513348507255490194e-01	3.320688981890261293e-01
-3.429793998360617935e-01	7.620180428898464253e-01	-3.233199562234157498e-01	4.513350254392437533e-01	3.320691506673894011e-01
-3.429792109286056712e-01	7.619776502474036040e-01	-3.233274975851109789e-01	4.513567454067815010e-01	3.320644505057364082e-01
-3.429663882606800995e-01	7.619789218719743573e-01	-3.233405423277490032e-01	4.513355029685680031e-01	3.320664051971491393e-01
-3.430422842133021843e-01	7.619566166312500277e-01	-3.233269405578540479e-01	4.513352593794350276e-01	3.320691076823494292e-01
-3.428916464494019545e-01	7.619673785868396054e-01	-3.233590423833755945e-01	4.513360860481040460e-01	3.320716951489794955e-01
-3.430652059956679767e-01	7.619522902797887243e-01	-3.233275630097222075e-01	4.513270595459064061e-01	3.320654483968726312e-01
-3.430208143865191017e-01	7.619508354770689884e-01	-3.233293144240827477e-01	4.513354586498287135e-01	3.320692894854473387e-01
-3.430302829471438275e-01	7.619495980082506836e-01	-3.233322294876498915e-01	4.513305923234961492e-01	3.320685121382997984e-01
-3.429793127747962633e-01	7.619522116910093512e-01	-3.233307319929684676e-01	4.513372082055679413e-01	3.320506989555693234e-01
-3.429338872650288805e-01	7.619129847214762830e-01	-3.233223007774354008e-01	4.513317022129935130e-01	3.320906970934853208e-01
-3.430269233398363649e-01	7.619509360672344078e-01	-3.233305688421604929e-01	4.513203702059829237e-01	3.320719319949784754e-01
-3.429225983215413165e-01	7.620085602693469351e-01	-3.233174430366002605e-01	4.513383158402616280e-01	3.320415962934840093e-01
-3.429429900072353266e-01	7.619507903151928607e-01	-3.233212674111686780e-01	4.513339828427499478e-01	3.320660870139082177e-01
-3.430264833339347064e-01	7.619910999854484501e-01	-3.233468089859893313e-01	4.513352974502320980e-01	3.320707089941837276e-01
-3.429972376419904156e-01	7.619562634896320796e-01	-3.233282731891861106e-01	4.513209398494846258e-01	3.320685728160360783e-01
-3.429069498700772489e-01	7.619530862573242747e-01	-3.233258055953850962e-01	4.513352243756996729e-01	3.320691092913098941e-01
-3.429906908488999373e-01	7.619483707401776273e-01	-3.233485625212735304e-01	4.513290590780248968e-01	3.320683646156926683e-01
-3.429885646471422800e-01	7.620110290170096778e-01	-3.233292280340905323e-01	4.513329124125090575e-01	3.320706012914479421e-01
-3.430375921473373113e-01	7.619838171794257597e-01	-3.233093131579990454e-01	4.513418876404137747e-01	3.320365520931146119e-01
-3.430512643372444770e-01	7.619114206208134066e-01	-3.233291231272660271e-01	4.513352297878948094e-01	3.320692230863312999e-01
-3.429925433479803498e-01	7.619813808705329095e-01	-3.233431489050504481e-01	4.513346527791349261e-01	3.320825009979501696e-01
-3.429833505267209648e-01	7.619520624909333906e-01	-3.233985415607976144e-01	4.513543456018822564e-01	3.320694356784587020e-01
-3.429704757342702526e-01	7.619788178407181922e-01	-3.233342336950189022e-01	4.513302116098096284e-01	3.320695102722299730e-01
-3.430505172244674439e-01	7.619578594018473483e-01	-3.233299244320651522e-01	4.513318787474092098e-01	3.320712318505857352e-01
-3.430020260067657145e-01	7.620077947601396895e-01	-3.233293194776392099e-01	4.513350929677263923e-01	3.320690856014332226e-01
-3.429942455967172066e-01	7.619547609320873605e-01	-3.233860537676929714e-01	4.513329655472047008e-01	3.320692165178387167e-01
-3.430354809965645013e-01	7.620127107140347578e-01	-3.233206208165924078e-01	4.513272363289159150e-01	3.320795278581495369e-01
-3.429463865987647520e-01	7.619507132434160113e-01	-3.233291762171143779e-01	4.513370017661986755e-01	3.320696505746855709e-01
-3.429345740703236278e-01	7.619612687932083572e-01	-3.233540725204545607e-01	4.513352584087769181e-01	3.320686228699962217e-01
-3.429301578823111263e-01	7.619586251538587041e-01	-3.233447315238593966e-01	4.513131317778812379e-01	3.320745519924228617e-01
-3.430184759652123994e-01	7.619573763860477689e-01	-3.233076509626457429e-01	4.513291366985952013e-01	3.320488338780256399e-01
-3.429080802340702672e-01	7.619545303838141104e-01	-3.233295850287174478e-01	4.513293848781630979e-01	3.320710110151089967e-01
-3.429487431571716094e-01	7.619444713695713300e-01	-3.233238348069672474e-01	4.513431980655148723e-01	3.320546325079731798e-01
-3.429167206324107431e-01	7.619594781799053917e-01	-3.233299336529137924e-01	4.513349125854702604e-01	3.320720651197809903e-01
-3.430191822804313784e-01	7.619338170622753648e-01	-3.232881195500799110e-01	4.513347119973117882e-01	3.320745079110234421e-01
-3.429886582260009420e-01	7.619291624594871637e-01	-3.232859967307574744e-01	4.513393421695974239e-01	3.320686542659585516e-01
-3.429403784664837307e-01	7.619269836748049363e-01	-3.233163834126099867e-01	4.513306592113363047e-01	3.321047739929827713e-01
-3.429527211063320702e-01	7.619767462151604276e-01	-3.233686752561866773e-01	4.513357406104412384e-01	3.320691236117063183e-01
-3.429641105379965804e-01	7.619270447882052766e-01	-3.233352670473202961e-01	4.513254638865756285e-01	3.320916919228636965e-01
-3.429694010015185701e-01	7.619498954841027460e-01	-3.233400016459874737e-01	4.513363756608650967e-01	3.320809801919564763e-01
-3.429769657849984221e-01	7.619511564506302737e-01	-3.233421347210810315e-01	4.513374377310951924e-01	3.320662856921849371e-01
-3.430033107230268108e-01	7.619580667954544140e-01	-3.233218100007601015e-01	4.513353819541528478e-01	3.320707373051131062e-01
-3.429655280545975682e-01	7.620108700970790183e-01	-3.233084237926753257e-01	4.513383659089621469e-01	3.320650733952026368e-01
-3.429815463172475321e-01	7.618589950899368191e-01	-3.233247055724762231e-01	4.513307849631268409e-01	3.320699527551102537e-01
-3.430348358067906167e-01	7.619208087673151608e-01	-3.233275261548711477e-01	4.513362909906081244e-01	3.320670672165857429e-01
-3.430560947058483579e-01	7.619521113708125348e-01	-3.233043443246293447e-01	4.513348692529062789e-01	3.320703636482472687e-01
-3.429802797653667135e-01	7.620045543464848414e-01	-3.233279565243736831e-01	4.513341549028115351e-01	3.320641627809027829e-01
-3.429274423965395502e-01	7.619492619640584330e-01	-3.233297357443806197e-01	4.513215659836555815e-01	3.320544045814672329e-01
-3.430018692495987453e-01	7.619504051328160887e-01	-3.233276712716192658e-01	4.513339494165017896e-01	3.320688676303217290e-01
-3.429246540264090926e-01	7.619482695860400057e-01	-3.233747019518979915e-01	4.513301639916624808e-01	3.320690142868121253e-01
-3.429838575467772932e-01	7.619378727469175994e-01	-3.233294029647317269e-01	4.513352384177335974e-01	3.320690335546490068e-01
-3.429831755954654282e-01	7.618877686711390540e-01	-3.233256676186604950e-01	4.513341419445058289e-01	3.320605665207265744e-01
-3.429116034961812165e-01	7.619192552351394809e-01	-3.233438969893568937e-01	4.513336164132851769e-01	3.320652290598037903e-01
-3.430229433354981539e-01	7.619417556097304312e-01	-3.233878340018553343e-01	4.513313122549140188e-01	3.320698908861384746e-01
-3.429148984821498991e-01	7.619508853172624052e-01	-3.233293040742705737e-01	4.513348751166952333e-01	3.320691002136031966e-01
-3.428965310649008669e-01	7.619440678794461297e-01	-3.233234293798316616e-01	4.513329461977322321e-01	3.320741288525110302e-01
-3.429792367842827705e-01	7.619655617157524707e-01	-3.232630989829730073e-01	4.513361090195183722e-01	3.320947887149763855e-01
-3.429014202696130109e-01	7.619675551441157380e-01	-3.233249129292679602e-01	4.513335102978917601e-01	3.320721568557098990e-01
-3.429593188460781095e-01	7.619052561739090290e-01	-3.233310039203112773e-01	4.513357452302027562e-01	3.320692832112282500e-01
-3.429159105053099510e-01	7.619378380111031523e-01	-3.232973594939044792e-01	4.513356976087121164e-01	3.320665299482389865e-01
-3.430469594929397847e-01	7.619447648611852308e-01	-3.233133411831637938e-01	4.513373657215702939e-01	3.321004448360789785e-01
-3.429948021244522693e-01	7.618806326906051307e-01	-3.233098503351582997e-01	4.513357825084273189e-01	3.320749246958729084e-01
-3.429997968440189893e-01	7.619506844866994477e-01	-3.233270058113565937e-01	4.513370521537036772e-01	3.320692934201724955e-01
-3.430616580898737666e-01	7.619508270976039777e-01	-3.233096074315290891e-01	4.513241314797065695e-01	3.320666681012625632e-01
-3.429592077613252687e-01	7.619511941713659198e-01	-3.233296198547877531e-01	4.513222667703322144e-01	3.320701183290986069e-01
-3.429712568639589620e-01	7.619435672999437248e-01	-3.233287661432668880e-01	4.513351635569098907e-01	3.320690937931385367e-01
-3.429836116055456352e-01	7.619548162308756867e-01	-3.232721663153921288e-01	4.513277980169915216e-01	3.320729552866785173e-01
-3.429564344187920333e-01	7.619911825233811609e-01	-3.233685513838993608e-01	4.513563382187124606e-01	3.320874237704519172e-01
-3.429438448148609542e-01	7.619512585767156398e-01	-3.233464226882061254e-01	4.513470713665398981e-01	3.320538801027937970e-01
-3.429306392233517631e-01	7.619669348747957205e-01	-3.233295613843064076e-01	4.513354086943495158e-01	3.320685317188948327e-01
-3.428914252686635633e-01	7.619225768417047240e-01	-3.233294398081199006e-01	4.513352143699642105e-01	3.320691113740326106e-01
-3.429577212806832476e-01	7.620247354342736257e-01	-3.233278210791492024e-01	4.513538006546778947e-01	3.320693505855342731e-01
-3.429154409587665264e-01	7.619781963900793542e-01	-3.233350426098248742e-01	4.513350286288736468e-01	3.320717008747803289e-01
-3.430428149355555512e-01	7.619640676230323706e-01	-3.233295098503565224e-01	4.513353981753328581e-01	3.320690361509616717e-01
-3.430483958065084771e-01	7.619721441343011437e-01	-3.233307061822618400e-01	4.513351247756428042e-01	3.320710734833832167e-01
-3.429625057313532288e-01	7.619015521024696813e-01	-3.233327879279623285e-01	4.513350176087871923e-01	3.320685671021060825e-01
-3.429659939781117828e-01	7.619579455341954910e-01	-3.233322862952219268e-01	4.514024984536404994e-01	3.320672059619579342e-01
-3.429689725749538454e-01	7.619292877341294901e-01	-3.233138050189954260e-01	4.513379180449066941e-01	3.320739573389290822e-01
-3.430221368697070061e-01	7.619731862887284546e-01	-3.233131933386504953e-01	4.513326128619063460e-01	3.320698819892100584e-01
-3.429772817366943394e-01	7.619635351268666534e-01	-3.233432675146734048e-01	4.513419127185080426e-01	3.320693587148492165e-01
-3.429384736660721633e-01	7.619490868428805408e-01	-3.233248282388613837e-01	4.513389469746942328e-01	3.320522009592299373e-01
-3.429768722004249426e-01	7.620446925272833516e-01	-3.233278068637558400e-01	4.513352517630035976e-01	3.320690358382618057e-01
-3.429704523726035958e-01	7.619463735591439635e-01	-3.233578746513672275e-01	4.513353373400785240e-01	3.320754378298171883e-01
-3.429948708138893521e-01	7.619560046506468343e-01	-3.232934017228510371e-01	4.513298639493167341e-01	3.320415958633123887e-01
-3.429842723106579228e-01	7.619417024358641211e-01	-3.232544154951942361e-01	4.513352489400199175e-01	3.320691054425660704e-01
-3.430241422658136807e-01	7.619578578079403419e-01	-3.233375520216550947e-01	4.513289690404781451e-01	3.321051623502509487e-01
-3.430350794445976570e-01	7.619820491222327741e-01	-3.233353511529198365e-01	4.513294024367630608e-01	3.320674955075323398e-01
-3.429788107326338653e-01	7.618799783282264038e-01	-3.233437822632044267e-01	4.513353395109067634e-01	3.320539784355449608e-01
-3.429538558883826194e-01	7.619597600603430498e-01	-3.233242641707932408e-01	4.513357151247711085e-01	3.320622540400014477e-01
-3.429797478618160089e-01	7.618927162404831588e-01	-3.233275634479504945e-01	4.513405938189223865e-01	3.320743257812773241e-01
-3.430637544459481103e-01	7.619473675907226795e-01	-3.233293294586651045e-01	4.513352421716356755e-01	3.320671446252549397e-01
-3.429020398841214901e-01	7.619361336084317093e-01	-3.233406255199264279e-01	4.513344410854976396e-01	3.320712418652433384e-01
-3.430486372188868427e-01	7.619531059816823104e-01	-3.233283027505048368e-01	4.513338011501195068e-01	3.320693503568201144e-01
-3.429677656701061172e-01	7.620373909212848629e-01	-3.233290941023473919e-01	4.513470749175403363e-01	3.320685576588278676e-01
-3.430284079511241035e-01	7.620043855842905112e-01	-3.233397143172436206e-01	4.513428061018470716e-01	3.320673474981743478e-01
-3.429810254398774627e-01	7.619687398199622708e-01	-3.233177931653605786e-01	4.513432931439877449e-01	3.320664806504076139e-01
-3.429422415638490040e-01	7.620033572173809944e-01	-3.233268325004522992e-01	4.513544436162431617e-01	3.320674531230285997e-01
-3.430153912127982263e-01	7.619905930243076053e-01	-3.233285982835803485e-01	4.513418820006188104e-01	3.320654398195375112e-01
-3.429668017219465459e-01	7.619526234492616235e-01	-3.233934231382719071e-01	4.513086513421906698e-01	3.320542146708791442e-01
-3.430452581954540059e-01	7.619385423655480327e-01	-3.233284779834555422e-01	4.513345019653307033e-01	3.320694228425095651e-01
-3.429512874131422362e-01	7.619474319650657579e-01	-3.233341129319702856e-01	4.513349976571328082e-01	3.320687319466330556e-01
-3.429725719511710347e-01	7.619317619534655694e-01	-3.233299369842735915e-01	4.513325659007856872e-01	3.320691222462284209e-01
-3.429810364950741097e-01	7.619556225090621249e-01	-3.233411109675676798e-01	4.513628907615336860e-01	3.320767170940912560e-01
-3.429719655358115515e-01	7.619282514002266860e-01	-3.233287746222844317e-01	4.513357719871937124e-01	3.320686177865194710e-01
-3.429762185922159978e-01	7.619730738292210814e-01	-3.233277393295936886e-01	4.513693455331873050e-01	3.321154304491767406e-01
-3.430034852797312350e-01	7.619552544410979067e-01	-3.233283178390762846e-01	4.513265970807640581e-01	3.321069625511446910e-01
-3.429509880839620717e-01	7.619891314298087304e-01	-3.233027705226544368e-01	4.513352477614531733e-01	3.320726490331508685e-01
-3.430017268087661164e-01	7.620185951688915882e-01	-3.233482807004969817e-01	4.513347150527243223e-01	3.320696905005764421e-01
-3.429984746041546129e-01	7.618942536226475104e-01	-3.233393184270415555e-01	4.513217019364728633e-01	3.320897595053291518e-01
-3.429430528050275706e-01	7.619403421968512502e-01	-3.233329622902708089e-01	4.513330730480181185e-01	3.320776032527977817e-01
-3.430199649237199444e-01	7.619276329519414359e-01	-3.233155437732664339e-01	4.513349829424414539e-01	3.320690760706946909e-01
-3.429790428255574120e-01	7.619557480231137214e-01	-3.232581812832224788e-01	4.513493045084413513e-01	3.320478991624210008e-01
-3.429711163841147048e-01	7.619509248993235895e-01	-3.232597506099688101e-01	4.513482070739700536e-01	3.320843331209035187e-01
-3.429476727884889775e-01	7.618691577305214402e-01	-3.233371017362509092e-01	4.513270287317570073e-01	3.320665164242254663e-01
-3.429675583980555942e-01	7.618883585788962520e-01	-3.233630120359051729e-01	4.513341672863632192e-01	3.320630606393154549e-01
-3.430069939910360688e-01	7.619507994163889908e-01	-3.232962431896094224e-01	4.513244565701971522e-01	3.320580495265635923e-01
-3.429745096137719607e-01	7.619237631562512103e-01	-3.233209534099738547e-01	4.513185628825642781e-01	3.320588328872080552e-01
-3.429899137863028358e-01	7.619692867252239044e-01	-3.233764003688983091e-01	4.513360602916304809e-01	3.320798442756128788e-01
-3.430199865710795160e-01	7.619284299615295408e-01	-3.233194845285441432e-01	4.513125247748749902e-01	3.320858493259898347e-01
-3.429739276797032499e-01	7.619714592285177224e-01	-3.233510764413194960e-01	4.513318948992693924e-01	3.320516592383964682e-01
-3.429707085785916321e-01	7.619550634354337326e-01	-3.233199947363102345e-01	4.513362083864365659e-01	3.320761133274004462e-01
-3.430408872949758936e-01	7.619274593715632538e-01	-3.233146451929603815e-01	4.513777037884986743e-01	3.320809559410887735e-01
-3.430721446269209274e-01	7.619514963725654288e-01	-3.233313671208148943e-01	4.513274980857869267e-01	3.320746913556435476e-01
-3.430182657336270369e-01	7.619508277090522030e-01	-3.233289216267443145e-01	4.513352418182652870e-01	3.320699988025170857e-01
-3.429437184564910757e-01	7.619187223515034857e-01	-3.233252152276641089e-01	4.513354013077059412e-01	3.320675567127511219e-01
-3.429537776351960221e-01	7.619323054605042778e-01	-3.233337215338612514e-01	4.513417422067071971e-01	3.320720938270823042e-01
-3.429576808072340444e-01	7.619975164883634466e-01	-3.233300033945800123e-01	4.513267711029426699e-01	3.320722422627847004e-01
-3.429556513100836534e-01	7.619676627334213137e-01	-3.233429386115146409e-01	4.513349368732174627e-01	3.320592336136988232e-01
-3.430096427515224033e-01	7.619283157687820607e-01	-3.233202338429394529e-01	4.513361313908265116e-01	3.320682057842082036e-01
-3.429652843706247345e-01	7.619317730074247619e-01	-3.233296820262079874e-01	4.513073937096599986e-01	3.320207425642088261e-01
-3.429280760214699630e-01	7.619462874246414330e-01	-3.233288299573884306e-01	4.513367659407240273e-01	3.320792022498716967e-01
-3.430669788061295744e-01	7.619504901478981740e-01	-3.233300714434105827e-01	4.513356946239549528e-01	3.320815624956034440e-01
-3.430226848290404140e-01	7.619646827106923981e-01	-3.233269569803680077e-01	4.513366500410624926e-01	3.320642407265141371e-01
-3.429861517346107780e-01	7.619560335485976443e-01	-3.232480077129930573e-01	4.513304245718710583e-01	3.320690092136168725e-01
-3.430239193215824933e-01	7.619400447741901949e-01	-3.233407714252033993e-01	4.513352021752586318e-01	3.320691753057882778e-01
-3.429515166175104435e-01	7.619539447133353294e-01	-3.233036480699105764e-01	4.513074449721762860e-01	3.321452820716265797e-01
-3.430699768786278914e-01	7.619649192625417289e-01	-3.233249990457007228e-01	4.513372350718566905e-01	3.320700507677484259e-01
-3.429833580692895900e-01	7.619378338766685799e-01	-3.233383566294571465e-01	4.513190537407234526e-01	3.320562470527274046e-01
-3.428955453528287345e-01	7.619498707706146012e-01	-3.233264218589645411e-01	4.513369404761782833e-01	3.320720661920840144e-01
-3.429295797729552953e-01	7.619536346719814057e-01	-3.233465101053631940e-01	4.513351484060786900e-01	3.320416722371476448e-01
-3.430349661921986981e-01	7.619551092206151566e-01	-3.233147229311545967e-01	4.513349540722316200e-01	3.320684927640771278e-01
-3.429810662305924351e-01	7.618869113008561733e-01	-3.233505051257779539e-01	4.513258134592726400e-01	3.320672599501696687e-01
-3.430106119455036962e-01	7.619503241709557617e-01	-3.233231413291892675e-01	4.513420152912927530e-01	3.320457281920016213e-01
-3.429889314672331380e-01	7.619716689155523470e-01	-3.233317708110313160e-01	4.513345987829259776e-01	3.320979093134193150e-01
-3.430200394531640051e-01	7.619306345423179083e-01	-3.233149158101464304e-01	4.513357985593515753e-01	3.320196031469136999e-01
-3.429791003944703265e-01	7.619740971597821488e-01	-3.233281764122728497e-01	4.513500182317946030e-01	3.320571385759662486e-01
-3.429939060591287725e-01	7.619500793577119735e-01	-3.232989287350772067e-01	4.513296009012894294e-01	3.320690680568358921e-01
-3.429451226102332440e-01	7.619499291254010487e-01	-3.232804784419882616e-01	4.513358690658553773e-01	3.320806769319942786e-01
-3.429787134644416979e-01	7.619661666353713114e-01	-3.233310351162851926e-01	4.513320504325446514e-01	3.320680352402353708e-01
-3.429889364749922898e-01	7.620152227996819239e-01	-3.233757206272673823e-01	4.513383178996991374e-01	3.320617704955934335e-01
-3.430173617519239326e-01	7.619368847609410134e-01	-3.233113983956607540e-01	4.513121047215182813e-01	3.320848904280158664e-01
-3.429842342091227736e-01	7.619068171611773632e-01	-3.233142229763401043e-01	4.513406631962175730e-01	3.320679234672197500e-01
-3.430230215234462143e-01	7.619423868032074720e-01	-3.233418782792282786e-01	4.513436084254910385e-01	3.320684795255660071e-01
-3.429797712984603009e-01	7.619540609749327897e-01	-3.233293203065687460e-01	4.513336597509758352e-01	3.320671011480480495e-01
-3.429117870922152034e-01	7.619328437333137138e-01	-3.233326550851711723e-01	4.513294896711323445e-01	3.320570918619462630e-01
-3.429597562358517315e-01	7.619520264918766550e-01	-3.233565363386521896e-01	4.513339065033206143e-01	3.320701249035888925e-01
-3.429324629490850818e-01	7.619180698585616973e-01	-3.233435044850765383e-01	4.513232654547112421e-01	3.320573286272923696e-01
-3.429809128399945450e-01	7.619533271381498940e-01	-3.234126950887346585e-01	4.513350288600166960e-01	3.320759064758186940e-01
-3.429533830192181831e-01	7.619260980202505751e-01	-3.233354203773844970e-01	4.513418993016246605e-01	3.320755759627141424e-01
-3.429101345298355974e-01	7.619316321962835703e-01	-3.233246308552888415e-01	4.513365248933496332e-01	3.320677054964208952e-01
-3.430454674023850070e-01	7.619325937954990469e-01	-3.233395498743898977e-01	4.513372264648448651e-01	3.320691062130385340e-01
-3.429636467954270684e-01	7.619367753586749892e-01	-3.233171232147760144e-01	4.513325173930265444e-01	3.320687850862302781e-01
-3.429552077738836080e-01	7.619281318831394589e-01	-3.233621969760567816e-01	4.513362022070098734e-01	3.320348755073865843e-01
-3.429294776902838127e-01	7.618735807535883531e-01	-3.233299531583505027e-01	4.513353229808463873e-01	3.320753831348138840e-01
-3.429357806431302946e-01	7.619560579751079032e-01	-3.233328367322933494e-01	4.513422300137905907e-01	3.320696684681118671e-01
-3.429995468389853142e-01	7.619395935721788859e-01	-3.233266076801099564e-01	4.513850620410970738e-01	3.320627282748976894e-01
-3.429504109289526759e-01	7.619350426278653776e-01	-3.233250113193087971e-01	4.513329160346444269e-01	3.320741585083509251e-01
-3.429360470962090623e-01	7.619503180574642709e-01	-3.233553799374067061e-01	4.513466007198198571e-01	3.320212856068609497e-01
-3.430034670128431773e-01	7.619500456848715686e-01	-3.233291071696662300e-01	4.513353019051536408e-01	3.320696221161064110e-01
-3.429932822986978547e-01	7.619723187874253290e-01	-3.233602500056422246e-01	4.513395129738935196e-01	3.320671030405154545e-01
-3.429607948652694249e-01	7.619482847860448160e-01	-3.233284028678267141e-01	4.513356510383476627e-01	3.320697240232365899e-01
-3.429810328252571594e-01	7.619505132246264800e-01	-3.233289312868947163e-01	4.513352090766793445e-01	3.320687338225539742e-01
-3.429791035056923287e-01	7.618840789204825992e-01	-3.233295925305989527e-01	4.513347923043444787e-01	3.320694519911366882e-01
-3.429800535818743334e-01	7.619982068642738859e-01	-3.233624681796833378e-01	4.513347571773277389e-01	3.320761917312484712e-01
-3.429894906249620345e-01	7.619483512329414676e-01	-3.233327616436477148e-01	4.513423970329854540e-01	3.320463596593883904e-01
-3.430015510987075023e-01	7.619337777073864615e-01	-3.233264574375799283e-01	4.513355205695561145e-01	3.320687239816199066e-01
-3.429825984285195251e-01	7.619492572744666070e-01	-3.233213513584375365e-01	4.513429827848721154e-01	3.320554673073317642e-01
-3.429912478972516054e-01	7.619877242733043010e-01	-3.233497872895691461e-01	4.513429338043591921e-01	3.320650517255080425e-01
-3.430020641267716996e-01	7.619730827706783227e-01	-3.233291793634961442e-01	4.513220911024294346e-01	3.320144805364070861e-01
-3.429865194739688539e-01	7.619603715662386367e-01	-3.233858142814051706e-01	4.513832798171303340e-01	3.320689106174729566e-01
-3.429697470642286694e-01	7.619392317106801205e-01	-3.233717399701480644e-01	4.513366218651759798e-01	3.320554296041174358e-01
-3.429798825591330314e-01	7.619251018918908880e-01	-3.233124720799949170e-01	4.513301134002154491e-01	3.320569939035629137e-01
-3.429919267466108312e-01	7.619987941219128480e-01	-3.233272785149315376e-01	4.513346729429639770e-01	3.320728197429016482e-01
-3.429532906003968096e-01	7.619379862795387925e-01	-3.233466010195513163e-01	4.513380453003097426e-01	3.320673625047007027e-01
-3.429707374389251995e-01	7.619482877842123081e-01	-3.233289664683660081e-01	4.513352139666088059e-01	3.320688624244200193e-01
-3.429912182447323321e-01	7.619214434094223609e-01	-3.233181203498748379e-01	4.513096004999314625e-01	3.320751632613737625e-01
-3.429827134251535181e-01	7.618915755953307167e-01	-3.233237651408476521e-01	4.513301855134768670e-01	3.320731866672141375e-01
-3.429893204066195023e-01	7.619352290003181816e-01	-3.233347844241679092e-01	4.513208190026193334e-01	3.320689768376462458e-01
-3.429493291242251551e-01	7.619794152617842542e-01	-3.233261898106576937e-01	4.513395078218310763e-01	3.320748816681626248e-01
-3.429841016892729577e-01	7.619740074918556205e-01	-3.233058900706471950e-01	4.513250821007535052e-01	3.320713220465825732e-01
-3.429919890126330584e-01	7.619265300691218101e-01	-3.233342861139336111e-01	4.513330058560550695e-01	3.320377802919819432e-01
-3.429485254573913511e-01	7.619320945216953023e-01	-3.233228916742014181e-01	4.513353407416382801e-01	3.320689679932816718e-01
-3.429361038930671679e-01	7.619564463078519756e-01	-3.233437419989319550e-01	4.513324386767552654e-01	3.320687813460544424e-01
-3.429848451376136809e-01	7.618770494435235241e-01	-3.233245423325598056e-01	4.513492157227379509e-01	3.320835798978293285e-01
-3.429702630185247347e-01	7.619571764955097581e-01	-3.233415490445790130e-01	4.513373148942608770e-01	3.320706980629630767e-01
-3.429347326170241184e-01	7.619192497795218566e-01	-3.233143266529577842e-01	4.513235339308457883e-01	3.320692965622296655e-01
-3.430546725510893458e-01	7.619431047047343641e-01	-3.233306924947269567e-01	4.513158268612524893e-01	3.320658866266928411e-01
-3.428940679365397592e-01	7.619484637209530398e-01	-3.233420164270314756e-01	4.513358693418434431e-01	3.320694513661466285e-01
-3.430577725324591709e-01	7.619483428724707075e-01	-3.233313713095336550e-01	4.513493641735754069e-01	3.320513973294020871e-01
-3.429329613397653631e-01	7.619011321855794217e-01	-3.233352399409616940e-01	4.513280482553230777e-01	3.320611964036131458e-01
-3.429021499840222975e-01	7.619501060539947135e-01	-3.233292072830216135e-01	4.513356408852277069e-01	3.320691029759448298e-01
-3.429489110264200002e-01	7.619907148213717063e-01	-3.232959023880063176e-01	4.513335271351692768e-01	3.320449400261384909e-01
-3.429647187576441714e-01	7.619155907500869684e-01	-3.233444227938978566e-01	4.513200421845863786e-01	3.320313246134692919e-01
-3.429891643676917790e-01	7.620083548071737711e-01	-3.233394672781069179e-01	4.513348739088174355e-01	3.320674464298730144e-01
-3.429609482241525731e-01	7.619531469490095077e-01	-3.233298398640480076e-01	4.513381592438667766e-01	3.320890678437086185e-01
-3.430149467141542785e-01	7.619161776336558223e-01	-3.233226396142310222e-01	4.513374406392244853e-01	3.321199212913603649e-01
-3.429937860307204489e-01	7.619369658635616327e-01	-3.233733257629147761e-01	4.513375680114973809e-01	3.320680106117250840e-01
-3.430190506702518460e-01	7.619190338272660012e-01	-3.232806442700599248e-01	4.513351254999435902e-01	3.320688521728306086e-01
-3.429592101438362350e-01	7.619130939998342011e-01	-3.233315161605968546e-01	4.513342250207916240e-01	3.320698218029121684e-01
-3.429589382989915447e-01	7.619511027768212097e-01	-3.233439810462299113e-01	4.513344221101597276e-01	3.320918642214585881e-01
-3.430255578020232066e-01	7.619742352124950768e-01	-3.233291400931423420e-01	4.513351548808414160e-01	3.320692026632324767e-01
-3.429661266719892798e-01	7.619539624098927710e-01	-3.232904582296414753e-01	4.513356200077217606e-01	3.320702953132975144e-01
-3.429831171789560207e-01	7.618585839235609836e-01	-3.233338255136550266e-01	4.513467015834167206e-01	3.320782416750889809e-01
-3.430525621939873315e-01	7.619462661595221009e-01	-3.233280743771176358e-01	4.513352661531436771e-01	3.320693107789542964e-01
-3.429866148150230165e-01	7.620099025051499941e-01	-3.233309641209258234e-01	4.513510973493330414e-01	3.320722627207180477e-01
-3.430459755234313568e-01	7.619660263740177797e-01	-3.233142630742119050e-01	4.513431406241407706e-01	3.320844691698512929e-01
-3.428972859036998888e-01	7.619853478002504010e-01	-3.233254998694383708e-01	4.513383654463334893e-01	3.320706502793319692e-01
-3.429602560552471591e-01	7.619420518960040578e-01	-3.233488088004094485e-01	4.513334353348441574e-01	3.320886532753942189e-01
-3.429217888263580427e-01	7.619573569516662204e-01	-3.233546323531147904e-01	4.513283220011874985e-01	3.320332857954733097e-01
-3.430591836049923238e-01	7.619498098759365234e-01	-3.233135054550660414e-01	4.513516844759867808e-01	3.320464753760866694e-01
-3.429555119506351168e-01	7.619507151666792266e-01	-3.233847619931629613e-01	4.513378226782156499e-01	3.320435483777220975e-01
-3.429808192445107928e-01	7.619685685915541518e-01	-3.233304253416481866e-01	4.513465805769960593e-01	3.320738494917570560e-01
-3.429825465166967957e-01	7.619405058585203561e-01	-3.233314138426722772e-01	4.513459353023469567e-01	3.320460891486154420e-01
-3.429341008932868529e-01	7.618973098556031109e-01	-3.233281736166917497e-01	4.513388006432549893e-01	3.320564049217386571e-01
-3.429407021275484579e-01	7.619442673578082914e-01	-3.233179145559179624e-01	4.513494956209034292e-01	3.320721538370893233e-01
-3.430262449808361702e-01	7.619877061405589957e-01	-3.233154843125159994e-01	4.513581992097291939e-01	3.320856530861882594e-01
-3.429710693217216666e-01	7.619279682258898179e-01	-3.233993357432539684e-01	4.513392842223716839e-01	3.320692291016749120e-01
-3.429444520319904210e-01	7.620132182724586034e-01	-3.233284095141544245e-01	4.513347989338261645e-01	3.320696591797486219e-01
-3.429543271534919446e-01	7.620138181042021008e-01	-3.233007423791773305e-01	4.513347863318371567e-01	3.320341027292625369e-01
-3.429101311195500434e-01	7.619747233033306033e-01	-3.233394941292080937e-01	4.513313223986418765e-01	3.320751452601337084e-01
-3.430680494059499819e-01	7.619617901862280052e-01	-3.233080539363257788e-01	4.513531412163471201e-01	3.320772986405230442e-01
-3.429795062103412895e-01	7.619050983967129431e-01	-3.233408681880997615e-01	4.513349689653091135e-01	3.320655108627967311e-01
-3.430758104942295272e-01	7.619462723249181835e-01	-3.233290666724390472e-01	4.513380182859640377e-01	3.320729453990980407e-01
-3.430601368099492343e-01	7.619543493479249419e-01	-3.233307255173031858e-01	4.513364820295472923e-01	3.320691217431987474e-01
-3.429859255020750175e-01	7.619505881937735925e-01	-3.232946410651759139e-01	4.513212369665509649e-01	3.320382454820808849e-01
-3.429775595908098884e-01	7.619500675160475467e-01	-3.233439026442790909e-01	4.513362674102291416e-01	3.320697023942730253e-01
-3.429921470423150653e-01	7.619571928930823912e-01	-3.233303965423443005e-01	4.513548900122149599e-01	3.320678219727396518e-01
-3.429127214437628357e-01	7.619413805420877095e-01	-3.233381595254530838e-01	4.513281205067888879e-01	3.320693053776693771e-01
-3.430134389376556237e-01	7.619478353714849161e-01	-3.233349933070374660e-01	4.513361645772195341e-01	3.320683246190897497e-01
-3.429618260682159581e-01	7.619547242992877889e-01	-3.233510429751806914e-01	4.513357984852113813e-01	3.320626680626785898e-01
-3.430459505244767837e-01	7.619601637206769862e-01	-3.233122897441449428e-01	4.513342771882553062e-01	3.320662383127866435e-01
-3.429362084021093660e-01	7.619523274894435261e-01	-3.232799490862680591e-01	4.513306160293854563e-01	3.320799891019982075e-01
-3.429739392089848349e-01	7.619643755871041702e-01	-3.233129092192404963e-01	4.513571179267616418e-01	3.320703917479558287e-01
-3.429792577090352013e-01	7.619512290601898608e-01	-3.233794161157080849e-01	4.513483661086802878e-01	3.320126140650530022e-01
-3.429274452707092857e-01	7.619669259690334817e-01	-3.233222590497261684e-01	4.513462779749027320e-01	3.320743903901579586e-01
-3.429907607913831313e-01	7.619668137262978203e-01	-3.233753909115938407e-01	4.513169662916323710e-01	3.320655435357274810e-01
-3.429733105084881717e-01	7.619175178113825053e-01	-3.233063801687140471e-01	4.513587759888629258e-01	3.321060043249029481e-01
-3.429632426627550745e-01	7.619696292786823921e-01	-3.233172705745123721e-01	4.513737064878529659e-01	3.320761927026194549e-01
-3.429223988292171010e-01	7.620151840756406170e-01	-3.233333168501548727e-01	4.513347328946391013e-01	3.320686853006624140e-01
-3.430346459688738414e-01	7.619695140981530557e-01	-3.232749652704560717e-01	4.513280263775905077e-01	3.320732950642125703e-01
-3.430675927388978641e-01	7.619428805433245966e-01	-3.233328882163192808e-01	4.513366726224060099e-01	3.320677001321687416e-01
-3.430120997025699059e-01	7.619092237378088939e-01	-3.233193514563770243e-01	4.513324858804067530e-01	3.320685167364286761e-01
-3.429959131293624508e-01	7.619205658095435929e-01	-3.233237718372761749e-01	4.513352328230912369e-01	3.320691037982564375e-01
-3.430352585846395130e-01	7.619330213423954890e-01	-3.233197043758477829e-01	4.513345774313256009e-01	3.320690653550315008e-01
-3.429314567846452610e-01	7.619396583659109323e-01	-3.233505896062304763e-01	4.513385278472102913e-01	3.320588950502416647e-01
-3.429390201623140899e-01	7.619515918661633469e-01	-3.233276232535135519e-01	4.513355382857273668e-01	3.320728582161892040e-01
-3.430354892576468750e-01	7.618761027187617163e-01	-3.233144605208892464e-01	4.513330234121947226e-01	3.320686198213533280e-01
-3.430072388288358254e-01	7.619873298372271675e-01	-3.233240626405434193e-01	4.513529978302035506e-01	3.320681967502617238e-01
-3.429777201581236112e-01	7.619568598801963466e-01	-3.233503171344505045e-01	4.513221760418734130e-01	3.320365119698778233e-01
-3.429389992390843855e-01	7.619284900895404444e-01	-3.232875576038014565e-01	4.513367145461800178e-01	3.321018584567064225e-01
-3.430665018126511367e-01	7.619107828714758446e-01	-3.233321367603876895e-01	4.513342923306810084e-01	3.320755015082631489e-01
-3.429745931175078866e-01	7.619065501074765434e-01	-3.233410629279012682e-01	4.513471871271729774e-01	3.320647421035214930e-01
-3.429868448739959441e-01	7.619727574861644426e-01	-3.233310857883105460e-01	4.513304011340940614e-01	3.320717951130590095e-01
-3.430222488522858271e-01	7.619390520868053462e-01	-3.233259734309453237e-01	4.513282323631050419e-01	3.320590929520535473e-01
-3.430098155565090567e-01	7.619675647486104930e-01	-3.233460036626948919e-01	4.513352502028399327e-01	3.320747201757301981e-01
-3.429508273240663985e-01	7.619509203684303733e-01	-3.233339449508805252e-01	4.513331542563499554e-01	3.320731350127253401e-01
-3.429790133188727053e-01	7.619803286319164481e-01	-3.233163796792569156e-01	4.513474489613715224e-01	3.320555238698770784e-01
-3.429868863012385805e-01	7.619670628226662412e-01	-3.233172388761572091e-01	4.513661550523403454e-01	3.320616015924147124e-01
-3.430114359360686427e-01	7.619485170231174997e-01	-3.232838356393513690e-01	4.513414632661053028e-01	3.320717913129186960e-01
-3.430097795130273020e-01	7.619319363088847830e-01	-3.233318860592766519e-01	4.513349679113192181e-01	3.320685981064921966e-01
-3.429910193911065996e-01	7.619272556369741656e-01	-3.233299346922444140e-01	4.513351803304079257e-01	3.320688115068815005e-01
-3.429557647144718668e-01	7.619212939230346482e-01	-3.233279153513486937e-01	4.513359426954086651e-01	3.320690046854211097e-01
-3.429730672777196454e-01	7.619933477397434762e-01	-3.233244537302508714e-01	4.513308673109041047e-01	3.320694881524316466e-01
-3.430724458202337734e-01	7.619498294202353694e-01	-3.233279226729371958e-01	4.513272606844927481e-01	3.320699461489057813e-01
-3.429873026179505180e-01	7.619496766495968965e-01	-3.233315062729645861e-01	4.513362903729927766e-01	3.320580072468649058e-01
-3.429734990169086561e-01	7.619353311201478851e-01	-3.233592883003852392e-01	4.513508425879594332e-01	3.320786031424896034e-01
-3.429978146765367275e-01	7.619438390789734505e-01	-3.233284115054794738e-01	4.513500655357942093e-01	3.320324361054091122e-01
-3.430132357021342115e-01	7.619520676411277726e-01	-3.233347490266218482e-01	4.513502838941480522e-01	3.320709203300101775e-01
-3.429781000078568343e-01	7.619516361268483529e-01	-3.233292093755824603e-01	4.513348694930107152e-01	3.320690814840857596e-01
-3.429890485002200506e-01	7.619754148277430028e-01	-3.233582996171293633e-01	4.513329178074616532e-01	3.320720756815820351e-01
-3.429816868983903699e-01	7.619572580533438000e-01	-3.232972831822262250e-01	4.513269827807686596e-01	3.320550386798116205e-01
-3.429806384086021565e-01	7.618739483448956351e-01	-3.233304937812782609e-01	4.513203541895268178e-01	3.320813822425501272e-01
-3.430421836371411737e-01	7.619595960358912512e-01	-3.233418083182890146e-01	4.513362923476499367e-01	3.320642279303229749e-01
-3.429822971351398353e-01	7.619206683728069196e-01	-3.233161954269349048e-01	4.513353292004462780e-01	3.320610726717343475e-01
-3.429171565685713019e-01	7.619756678498463831e-01	-3.233376059805594949e-01	4.513384639236859841e-01	3.320871199082463532e-01
-3.430483300547723102e-01	7.619428257663355408e-01	-3.233417595043951986e-01	4.513319522814064344e-01	3.320688672379158435e-01
-3.430610810804197164e-01	7.619490460572916346e-01	-3.233275489230241773e-01	4.513382599680987317e-01	3.320686113694081287e-01
-3.429944954054217621e-01	7.619592238733331468e-01	-3.233293374531746589e-01	4.513365125699512204e-01	3.320682214902633267e-01
-3.430118742186685221e-01	7.619822781583721616e-01	-3.233836504950581836e-01	4.513354861200339352e-01	3.320765102795537604e-01
-3.429399191157462834e-01	7.619613500493230829e-01	-3.233636995198528319e-01	4.513357731938584250e-01	3.320773924165599245e-01
-3.429814669248935077e-01	7.619491065584006462e-01	-3.233178180579647787e-01	4.513349384479113935e-01	3.321016311556720391e-01
-3.429799667428028442e-01	7.619005974736632325e-01	-3.233278019854464724e-01	4.513413884880178584e-01	3.320794443425594267e-01
-3.430067311421010068e-01	7.619234450499025035e-01	-3.233288958414829439e-01	4.513352814931456680e-01	3.320688756878446002e-01
-3.429936792735883144e-01	7.619574404258394607e-01	-3.233431599982137805e-01	4.513456589099759109e-01	3.320705149118398092e-01
-3.429795590325380172e-01	7.619576515263054572e-01	-3.233307287255831608e-01	4.513350645396878580e-01	3.320652887951057730e-01
-3.429702723513725071e-01	7.620051503983357177e-01	-3.233289422873253383e-01	4.513352196245050685e-01	3.320691046855970274e-01
-3.429146467624857864e-01	7.619425353240926180e-01	-3.233284982122038298e-01	4.513348578643878173e-01	3.320520310310969281e-01
-3.429959233772412741e-01	7.619561498622187123e-01	-3.233056768096557176e-01	4.513426809953402508e-01	3.320530361402115882e-01
-3.430116773365569083e-01	7.619611669199286563e-01	-3.233238472469370794e-01	4.513370028954155067e-01	3.320642506640612557e-01
-3.429615033038827532e-01	7.619626639809212731e-01	-3.233273645744618174e-01	4.513347343002480638e-01	3.320779557006598437e-01
-3.429731551850146443e-01	7.619788521332537812e-01	-3.233329575148731205e-01	4.513250159673673489e-01	3.320671028377519263e-01
-3.430103278289414748e-01	7.619397946482978634e-01	-3.233327849901924678e-01	4.513438197705803012e-01	3.320685691528802996e-01
-3.430100495540240324e-01	7.619243247997621316e-01	-3.233538598520863672e-01	4.513442295458687803e-01	3.321130580143450417e-01
-3.429453839873009557e-01	7.619574314450534569e-01	-3.233481844782298276e-01	4.513387463227274687e-01	3.320703256114725943e-01
-3.429867024751616089e-01	7.619559649976830329e-01	-3.232591219424273965e-01	4.513475519909401767e-01	3.320792846903643514e-01
-3.430671806139069524e-01	7.619583768280099312e-01	-3.233281312669148422e-01	4.513355149878174877e-01	3.320720708905259277e-01
-3.429730816613070221e-01	7.620250612448054017e-01	-3.233238603405012013e-01	4.513294144253473528e-01	3.320686760333217413e-01
-3.429916089201663909e-01	7.619559910586470863e-01	-3.232899065449582054e-01	4.513379695934581215e-01	3.320806267558058522e-01
-3.430021227131497819e-01	7.619774256282687563e-01	-3.233538310128599158e-01	4.513332678221149141e-01	3.320570388360623570e-01
-3.429812349225043189e-01	7.619043279076516129e-01	-3.233315340515725556e-01	4.513344859470851955e-01	3.320865584035374574e-01
-3.430549492774837561e-01	7.619509843062299836e-01	-3.233300535439316281e-01	4.513351716320337381e-01	3.320688384675848370e-01
-3.429455144039376124e-01	7.619539345321990620e-01	-3.233266886817200980e-01	4.513350860818040045e-01	3.320697321362192644e-01
-3.429462512053466638e-01	7.619445378710613115e-01	-3.233126917587371696e-01	4.513353740817057091e-01	3.320651114500848267e-01
-3.429956374825844367e-01	7.619506712409580551e-01	-3.233180997034243997e-01	4.513354042755760021e-01	3.320694961743748674e-01
-3.429255033029574573e-01	7.619824810941508986e-01	-3.233266620275710990e-01	4.513344741895877754e-01	3.320752852658497845e-01
-3.430140787451017581e-01	7.619938468655556019e-01	-3.233436164541980129e-01	4.513287211744760885e-01	3.320636461791903193e-01
-3.429844038339340262e-01	7.620061662064309127e-01	-3.233189868950114287e-01	4.513315026031798349e-01	3.320703796755265502e-01
-3.429805389237008395e-01	7.619429521192971899e-01	-3.233566832479422004e-01	4.513175342263766043e-01	3.319947722306855753e-01
-3.430556950824337759e-01	7.619591070136414457e-01	-3.233345000225187893e-01	4.513338972181559772e-01	3.320681466347861766e-01
-3.430227353451176797e-01	7.619399285877351824e-01	-3.233295928468862268e-01	4.513350923736021980e-01	3.320667680418196155e-01
-3.430061602527144093e-01	7.619453809450095205e-01	-3.233237354169724020e-01	4.513485419489028372e-01	3.320696728945822795e-01
-3.429801595864947483e-01	7.619723765126585890e-01	-3.232957586346101309e-01	4.513336436604088453e-01	3.320700522733513460e-01
-3.430121111338321205e-01	7.619120814663415953e-01	-3.233067372968339015e-01	4.513318068106570435e-01	3.320592647087955429e-01
-3.429755244330137676e-01	7.619047184390347338e-01	-3.232935466126742874e-01	4.513346607998769966e-01	3.320659191792881826e-01
-3.430103001015595288e-01	7.619494692859170026e-01	-3.233225145152285873e-01	4.513347750937927172e-01	3.320695702813177830e-01
-3.429408805749041833e-01	7.619362133213812838e-01	-3.232847619183832899e-01	4.513439278205800265e-01	3.320743765353400545e-01
-3.429471407820406381e-01	7.619499259500280841e-01	-3.233275860910166388e-01	4.513351314675344561e-01	3.320671670505023765e-01
-3.429517029620621771e-01	7.619344777435498317e-01	-3.233281533845426825e-01	4.513343528862144294e-01	3.320715180233621555e-01
-3.430637672142627936e-01	7.619460409043525839e-01	-3.233282526323847383e-01	4.513322570243649134e-01	3.320672889243474479e-01
-3.429046810094391051e-01	7.619674043868064350e-01	-3.233262670215480972e-01	4.513353000107459545e-01	3.320702192557732912e-01
-3.429077129113387024e-01	7.618996394230688196e-01	-3.233468725051756865e-01	4.513392065635489780e-01	3.320805426651333159e-01
-3.429226922344180695e-01	7.619661655847005388e-01	-3.233253966047695549e-01	4.513355941783097069e-01	3.320716233813169049e-01
-3.429974997397828851e-01	7.619613206107517245e-01	-3.233268404726958867e-01	4.513509421851522041e-01	3.320150141338799044e-01
