-1.320788124226133509e-01	1.243041505823871962e+00	3.772097773736571291e-01	9.646805923673463790e-01	1.755186796078176403e-01
-1.320643675146836726e-01	1.242966319862207403e+00	3.772359865168659065e-01	9.647030288944665744e-01	1.755107403553958501e-01
-1.320583928921900962e-01	1.243033305750359752e+00	3.772146544136140145e-01	9.647055676131569557e-01	1.755106809396623502e-01
-1.320849746751082410e-01	1.243037017743123585e+00	3.772147048994134444e-01	9.647058409090765174e-01	1.755068092993291584e-01
-1.320525818509041827e-01	1.243059593142250119e+00	3.772163675038577857e-01	9.647344339416522585e-01	1.754890395017388860e-01
-1.320580252886939254e-01	1.243061221681354578e+00	3.772395977731431427e-01	9.647597103915651617e-01	1.755146979288756681e-01
-1.320503923157214932e-01	1.243045433329015514e+00	3.772356264737269371e-01	9.647039250899245300e-01	1.754928288767699518e-01
-1.320352095760565780e-01	1.243031683884558092e+00	3.772078777953144502e-01	9.647165233626321390e-01	1.754667503141036089e-01
-1.321056089030127334e-01	1.243031662105823054e+00	3.772108393822152239e-01	9.647146316088738294e-01	1.754916165616537682e-01
-1.320840582573591104e-01	1.243061854639521790e+00	3.772382786232909013e-01	9.647033544675229777e-01	1.755095167234955733e-01
-1.320416209744207092e-01	1.242993907356865213e+00	3.772172553077966506e-01	9.646984591198305425e-01	1.755037254596929774e-01
-1.320036179197532911e-01	1.243065865542427151e+00	3.772213213791261732e-01	9.647041366204632817e-01	1.755091859243799457e-01
-1.320609309852285029e-01	1.243081759337657743e+00	3.772105671770231150e-01	9.647047617315702706e-01	1.755068184268413767e-01
-1.320849266237328345e-01	1.243067237474246856e+00	3.771969542842236733e-01	9.647017444077248260e-01	1.755065142289852498e-01
-1.321220407292178489e-01	1.243037704685155953e+00	3.772207036943560632e-01	9.646987082258662305e-01	1.755117063106158282e-01
-1.320148749326609805e-01	1.243034678233388091e+00	3.771853367589287909e-01	9.646915397113831059e-01	1.754746169159720481e-01
-1.320423997399979010e-01	1.243036455565540876e+00	3.771593545216790910e-01	9.647003138308040127e-01	1.755136057274258587e-01
-1.321108708266527099e-01	1.243034848684811955e+00	3.771990715062660815e-01	9.647025964969528911e-01	1.755090256732204368e-01
-1.320211009470522168e-01	1.243016189717368158e+00	3.772149336917713924e-01	9.647033256350937558e-01	1.755096187983350153e-01
-1.319897446988347045e-01	1.243047334474352450e+00	3.772167653019103395e-01	9.647037539468367173e-01	1.755105441104347630e-01
-1.320526387617387831e-01	1.243037972151153081e+00	3.772499198692126909e-01	9.647105066692792663e-01	1.755153881826500561e-01
-1.321014130224651140e-01	1.243023925405412511e+00	3.772074059004865698e-01	9.646768804879966019e-01	1.754951697582427528e-01
-1.320943954948356203e-01	1.243011186090714038e+00	3.772102355131575213e-01	9.647037885989534489e-01	1.755064563424803825e-01
-1.320497831905174946e-01	1.243036988461104775e+00	3.772318942534560460e-01	9.647038074758886861e-01	1.755103771687634429e-01
-1.320600654566469190e-01	1.243038689563661592e+00	3.772135213942741649e-01	9.647027307547036967e-01	1.755088030051528691e-01
-1.321643532049222303e-01	1.243037165563069868e+00	3.772145617923208794e-01	9.647031915631379961e-01	1.755095341588017166e-01
-1.320622803404408463e-01	1.243048263652719587e+00	3.772245667616498377e-01	9.647452065538573152e-01	1.754758651703011429e-01
-1.320793547189519634e-01	1.243110688772264272e+00	3.772145037006113255e-01	9.647032107194127848e-01	1.755091430690110255e-01
-1.320755856698219710e-01	1.243032717329219272e+00	3.771306909404696373e-01	9.647053814523741666e-01	1.755038335516084236e-01
-1.320677455919666010e-01	1.243079808923015284e+00	3.772054972460077704e-01	9.647026405318647191e-01	1.755092022028762189e-01
-1.320847253862797444e-01	1.242975736170476742e+00	3.772163584080229781e-01	9.647452028197832652e-01	1.755284297766025736e-01
-1.321024722075479774e-01	1.243107169627327258e+00	3.772330475262063443e-01	9.646941624171559981e-01	1.755065158277908377e-01
-1.320328526781456846e-01	1.243030744816086441e+00	3.771761391163941934e-01	9.647071962597711936e-01	1.755104900010444335e-01
-1.320919807496803156e-01	1.243037512749438855e+00	3.772132275855822892e-01	9.647027097210315594e-01	1.755097858071461014e-01
-1.320171715927797584e-01	1.243061619464084666e+00	3.772047152830176331e-01	9.647233154182969228e-01	1.755096962152841722e-01
-1.320810443912463772e-01	1.243034720806613702e+00	3.772124098979812712e-01	9.647032843012990355e-01	1.755150136778887149e-01
-1.320606796210757328e-01	1.243108656044335403e+00	3.772021398763683031e-01	9.647094756922526271e-01	1.755142733853313486e-01
-1.320472046788565834e-01	1.243003257064886791e+00	3.772115465830427894e-01	9.646978796478785645e-01	1.755206439169683663e-01
-1.320926400896888786e-01	1.243035774751446221e+00	3.772146762555461108e-01	9.647031815509192754e-01	1.755092392617288999e-01
-1.319914131673643465e-01	1.243032006827305525e+00	3.772129009282289558e-01	9.647030711966324557e-01	1.755093094630331141e-01
-1.320849323672765863e-01	1.243067302115686168e+00	3.772396787741544300e-01	9.647085214895777527e-01	1.754992485576759575e-01
-1.321598382472221056e-01	1.243042336883463328e+00	3.772031850659408603e-01	9.646997042891667373e-01	1.755093168042426433e-01
-1.320675652937290390e-01	1.243036788878907561e+00	3.771921132254629216e-01	9.647169182583146263e-01	1.755337250226055856e-01
-1.320214836984481555e-01	1.243035884899449606e+00	3.772145970559513395e-01	9.646882011624181574e-01	1.755133716161560997e-01
-1.320255942892515355e-01	1.243005134803420564e+00	3.772147486992810661e-01	9.647041265862655868e-01	1.755092156546845250e-01
-1.321667910734629914e-01	1.243036699366839137e+00	3.772146476254384373e-01	9.647031731975294067e-01	1.755091587849863521e-01
-1.320558566278808021e-01	1.243030121326361481e+00	3.771832148113653527e-01	9.647083787522708898e-01	1.755084260341959468e-01
-1.320178654873185031e-01	1.243038255818288640e+00	3.772024784989488344e-01	9.647029268916973432e-01	1.755091327848819494e-01
-1.320778776502965213e-01	1.243047690861347032e+00	3.772136675822783114e-01	9.647029847135623060e-01	1.755029900920155317e-01
-1.320542312863654255e-01	1.243036292288829836e+00	3.772115768849717554e-01	9.646979637795876084e-01	1.755136674262442187e-01
-1.320496348011742371e-01	1.243034266227647233e+00	3.772177395592186677e-01	9.647121273274376074e-01	1.754775799775560030e-01
-1.320741903042479126e-01	1.243026285643020312e+00	3.772118557225704327e-01	9.647015837429281371e-01	1.755054715215013661e-01
-1.320120601888418177e-01	1.243036647922648674e+00	3.772107219889853091e-01	9.647029496321102293e-01	1.755062605248365326e-01
-1.321112865807035908e-01	1.243017723431064647e+00	3.772169652557976760e-01	9.647010562741428208e-01	1.755073475897725443e-01
-1.320644469680682664e-01	1.243035996799559006e+00	3.772065479220105821e-01	9.646968610541634126e-01	1.754932853260632308e-01
-1.320684879059493000e-01	1.243039839379584066e+00	3.771872984035729570e-01	9.646984269553924296e-01	1.755041994399713090e-01
-1.320810265890640933e-01	1.243042086111407540e+00	3.771322509931551159e-01	9.646935269358840603e-01	1.754813196622774241e-01
-1.321078494675010651e-01	1.243026808375090386e+00	3.772714268472444066e-01	9.646537268399446585e-01	1.755258167085986254e-01
-1.321407274421040334e-01	1.243036223724116818e+00	3.772112622034166085e-01	9.647024354738571450e-01	1.755091449480689347e-01
-1.321009727218871166e-01	1.243044560555159883e+00	3.772130301446987022e-01	9.647029941831417599e-01	1.755090674775720005e-01
-1.321177717975308419e-01	1.243033475445342484e+00	3.772518707187572651e-01	9.646950881263608446e-01	1.755141364929182213e-01
-1.320973287889017356e-01	1.242993304565205070e+00	3.772117730898676968e-01	9.647035793181620855e-01	1.755110615414622044e-01
-1.320581277893734251e-01	1.243080523211974375e+00	3.772045046132294632e-01	9.647059119662010351e-01	1.755105608756591939e-01
-1.320390951709685678e-01	1.243049564538551088e+00	3.771969063790047705e-01	9.646869279863121704e-01	1.755047545452319557e-01
-1.320749933847626956e-01	1.243060235598483443e+00	3.771983897232337735e-01	9.646857255600550518e-01	1.754990177945627838e-01
-1.320474732770848814e-01	1.243104504602067006e+00	3.772139379673690174e-01	9.647062825311164547e-01	1.754975799156779648e-01
-1.320554752948151500e-01	1.243080683653713825e+00	3.772046651578169207e-01	9.647483053795644636e-01	1.755163601581283261e-01
-1.321001632858751773e-01	1.242985608537592324e+00	3.772121691351351114e-01	9.647028177716610031e-01	1.755173764899166378e-01
-1.321272456701260145e-01	1.243048569026329098e+00	3.772170454756628155e-01	9.647035398505632298e-01	1.755095626299000011e-01
-1.320325452594638405e-01	1.243041776021569733e+00	3.772131886530740164e-01	9.646977733945855116e-01	1.755028662618497992e-01
-1.320675306068058719e-01	1.243003577335967114e+00	3.772270781866589595e-01	9.647025352122237107e-01	1.755091894575386835e-01
-1.320523712084934465e-01	1.243063015785440539e+00	3.771941978482336033e-01	9.647071431824577603e-01	1.755099515890383155e-01
-1.320616222385864458e-01	1.243063418629484440e+00	3.771954417652311209e-01	9.647285816414002957e-01	1.754778717622788309e-01
-1.319880249322440691e-01	1.243029926830582887e+00	3.772179905898382368e-01	9.647033801932394237e-01	1.755089684637827219e-01
-1.320157485488852589e-01	1.243036251538173875e+00	3.772346055467578618e-01	9.646818684419101730e-01	1.755180458968675916e-01
-1.320813713014417634e-01	1.242965501070052436e+00	3.772153865485467494e-01	9.647028434111506456e-01	1.754854299908517878e-01
-1.321679115249435599e-01	1.243037645645764355e+00	3.772184889488275905e-01	9.647073255690646887e-01	1.755090307976213959e-01
-1.320858149297438611e-01	1.243043642681691319e+00	3.772136115898288566e-01	9.646601620254129372e-01	1.755583735501821951e-01
-1.320431941078620275e-01	1.243051170517451176e+00	3.772058211880597867e-01	9.646892498342879430e-01	1.754880814488703478e-01
-1.321093309547403394e-01	1.243018772611061973e+00	3.771954382250737314e-01	9.647143928645639521e-01	1.755140779578310273e-01
-1.321086118861628522e-01	1.243045842072524554e+00	3.771919275619718404e-01	9.647025419555779191e-01	1.755000274854450482e-01
-1.320568889586000716e-01	1.242971426258610679e+00	3.772146635064261844e-01	9.647086867405942900e-01	1.755084160767924895e-01
-1.321327094387705348e-01	1.243040615791851433e+00	3.772104461083413685e-01	9.647179464692597906e-01	1.755109945836235696e-01
-1.320629866838724797e-01	1.243064437167031411e+00	3.772234585715759092e-01	9.647043348228548920e-01	1.755032419989685233e-01
-1.320516065690200691e-01	1.242988508050225649e+00	3.772169811598027889e-01	9.646885591901318557e-01	1.754760856111355904e-01
-1.320718721725085698e-01	1.243026495694915079e+00	3.772133217693430796e-01	9.647025731947164173e-01	1.755092664782312017e-01
-1.320650840482148758e-01	1.242990429501686034e+00	3.772026532575107893e-01	9.646988746746378851e-01	1.755049987223954167e-01
-1.321027839742993926e-01	1.243008376626948630e+00	3.771764077071051435e-01	9.646684123324809068e-01	1.754877497733822178e-01
-1.321415175966693112e-01	1.243022880900553018e+00	3.772086049431969679e-01	9.647180038902516408e-01	1.755007136410022817e-01
-1.321401508521778401e-01	1.243015295283522725e+00	3.772091420944506668e-01	9.647086322247631074e-01	1.755096355961732191e-01
-1.321508336448667109e-01	1.243040142894201727e+00	3.771956780455072433e-01	9.647020354664533892e-01	1.755079953670230508e-01
-1.320515488140587279e-01	1.243055941065400960e+00	3.772114880138411896e-01	9.647120566985265544e-01	1.755087460974165958e-01
-1.320547707639238288e-01	1.243047078482527379e+00	3.772162356409866080e-01	9.647034216935317374e-01	1.755080121224465717e-01
-1.320268893102977958e-01	1.243020253385300755e+00	3.772017833809518939e-01	9.646901290748246538e-01	1.755173368922265664e-01
-1.320566706238646415e-01	1.243036856860325834e+00	3.772004174237150176e-01	9.646963979671691058e-01	1.755794608361612441e-01
-1.320810464884412672e-01	1.243046235460434579e+00	3.772514518562577468e-01	9.646931853394432599e-01	1.754869522543323623e-01
-1.321334081410504291e-01	1.243029957121150941e+00	3.772175037844092693e-01	9.647009939230036801e-01	1.754686427567583307e-01
-1.321349823357499953e-01	1.243036781534613722e+00	3.772145436836554788e-01	9.647030305964954255e-01	1.755091519862989891e-01
-1.320200780682016795e-01	1.243054208332931676e+00	3.772145473947896566e-01	9.647032181294444841e-01	1.755088283702441465e-01
-1.320302704637372204e-01	1.243034858799077158e+00	3.771809783622883105e-01	9.647342922632532458e-01	1.754798752233541481e-01
-1.320940769800884873e-01	1.243038857666748820e+00	3.772145359033101109e-01	9.647031969897095216e-01	1.755093248282353913e-01
-1.320621338010875001e-01	1.243026609706685548e+00	3.772453177030342109e-01	9.646769071472502954e-01	1.754663036691610500e-01
-1.320508682229550868e-01	1.243043157630951079e+00	3.772142007757947058e-01	9.647032076795519773e-01	1.755126283739164295e-01
-1.320820124630052717e-01	1.242986169372630068e+00	3.772226803775177717e-01	9.647048214417281997e-01	1.754502801363975739e-01
-1.320340714585028219e-01	1.243046170102031001e+00	3.772245451081636669e-01	9.647072486557581872e-01	1.755099879074160096e-01
-1.320777611887014591e-01	1.243056614996335574e+00	3.772119295860318910e-01	9.646504800065561769e-01	1.755051019765584974e-01
-1.320160476722084530e-01	1.243001302351897097e+00	3.772217290077169993e-01	9.647124909194086939e-01	1.755080616074251587e-01
-1.321127405993100523e-01	1.243013263797336787e+00	3.772097384165064571e-01	9.646789020094559408e-01	1.754908486505219189e-01
-1.320748577819475800e-01	1.243052068543473165e+00	3.772066967183504982e-01	9.646965852758508930e-01	1.755067530945500498e-01
-1.320440693046492919e-01	1.243000274854242582e+00	3.772075292476299024e-01	9.647032472485145282e-01	1.755078789794564387e-01
-1.320646116389551095e-01	1.243066545476253282e+00	3.772153341302827978e-01	9.646876834339089823e-01	1.755042159706192706e-01
-1.320859850287730841e-01	1.243010995492149995e+00	3.772525597332603842e-01	9.647067254886751986e-01	1.755128140931895564e-01
-1.320708844989623154e-01	1.242947784218732199e+00	3.772198576385737967e-01	9.647055160079656133e-01	1.755094705095814056e-01
-1.321626932908503138e-01	1.243042307245185718e+00	3.772144132344011913e-01	9.646971018019567801e-01	1.755092627839214270e-01
-1.321473783055766293e-01	1.242990893152969845e+00	3.772059884014458131e-01	9.647033774252926630e-01	1.754953735307594187e-01
-1.320266637027954215e-01	1.243041240944096959e+00	3.772240804585630380e-01	9.647003994188027010e-01	1.755099340232013638e-01
-1.320041011298457023e-01	1.243034733497840882e+00	3.772139295420098293e-01	9.647025629698648963e-01	1.755075918348531772e-01
-1.321043319837040542e-01	1.243039111849500333e+00	3.772100545285970719e-01	9.647025796264502295e-01	1.755088662778191422e-01
-1.319856007427277766e-01	1.243038021446629227e+00	3.772153740952199352e-01	9.647029167164664631e-01	1.755077610017823642e-01
-1.320173106343135727e-01	1.243013205714676328e+00	3.772117294912790686e-01	9.647042622702409753e-01	1.755095265682906081e-01
-1.319947204958478726e-01	1.243025905990398083e+00	3.772258712118923829e-01	9.646745357939514598e-01	1.755146917513801808e-01
-1.320780902269182433e-01	1.243065813532759023e+00	3.771311827975963316e-01	9.647047731283456828e-01	1.755061742118990686e-01
-1.320468034017985848e-01	1.243020483423123546e+00	3.772277622476781223e-01	9.647010305026441079e-01	1.755243552751358793e-01
-1.319983142515933072e-01	1.243044138314419955e+00	3.772394522178654230e-01	9.646874033067935894e-01	1.754969101681575772e-01
-1.321222490814742134e-01	1.243039209314664273e+00	3.772153415636337326e-01	9.647035700163301142e-01	1.755089493647709886e-01
-1.320730522005496843e-01	1.243125551493457603e+00	3.772166589797549818e-01	9.646969493537270735e-01	1.755094942786411816e-01
-1.321463025075162445e-01	1.243042889748085633e+00	3.772213379761057972e-01	9.647036748128674510e-01	1.755093868781065491e-01
-1.320804852307733979e-01	1.243030307481242991e+00	3.772138611156689580e-01	9.647022827470539408e-01	1.755053409716262336e-01
-1.320904613531852512e-01	1.243078303142422181e+00	3.772173425654292700e-01	9.647140055709847450e-01	1.755078788646227406e-01
-1.320392280959930553e-01	1.243059277429343634e+00	3.772129280082932024e-01	9.647040860095792425e-01	1.755107385288580957e-01
-1.320421658399270337e-01	1.243033121967481947e+00	3.772153568952137936e-01	9.647103294993177869e-01	1.754896073100846998e-01
-1.321449179075814273e-01	1.243041206876739357e+00	3.772597743811453852e-01	9.647022097739208490e-01	1.755119532381131109e-01
-1.321050657791492389e-01	1.243009567680274152e+00	3.772109150004223088e-01	9.646963895977505032e-01	1.755198573511988491e-01
-1.319944446167726770e-01	1.243036256195995337e+00	3.772138657795638395e-01	9.647034646504364375e-01	1.755087340224525116e-01
-1.321453177337255369e-01	1.243004489925584544e+00	3.772253820379944944e-01	9.647005004902349246e-01	1.755272070753603753e-01
-1.320407853336959814e-01	1.243041903288444106e+00	3.772106929885554183e-01	9.647005292080818029e-01	1.755226863154478734e-01
-1.321549513242585572e-01	1.243047188636127620e+00	3.772001175565509179e-01	9.647040049613491153e-01	1.755081234498264142e-01
-1.320736773126464092e-01	1.243009769463266245e+00	3.772006187179461345e-01	9.647832806172342845e-01	1.755150009763587204e-01
-1.320314116255289494e-01	1.243016923438692523e+00	3.772258161179053992e-01	9.647262251618192730e-01	1.755093448496723718e-01
-1.321317979806193865e-01	1.243061730303498313e+00	3.771771496016643188e-01	9.646686786532188140e-01	1.754964837639237940e-01
-1.320229355307361574e-01	1.243033847851560791e+00	3.772504169056699608e-01	9.647203754634610107e-01	1.755261459744162089e-01
-1.320971748833001946e-01	1.243044542776231998e+00	3.772627820724701042e-01	9.647079544595156264e-01	1.754999691786920946e-01
-1.321494042516402900e-01	1.243022242317586512e+00	3.772059287315941978e-01	9.647017448744047430e-01	1.755153783867706985e-01
-1.320548660317900636e-01	1.243031077932521100e+00	3.772090681402553991e-01	9.647026442287400805e-01	1.755112863539317891e-01
-1.320407193236878551e-01	1.243023551855260811e+00	3.771702051466467309e-01	9.647027014888500673e-01	1.754799911859566131e-01
-1.320644142113362174e-01	1.243043188274759903e+00	3.772103178884768648e-01	9.647372332027269737e-01	1.754894444702624901e-01
-1.321135400754371025e-01	1.243032128427558280e+00	3.772145034561352750e-01	9.647037755056778741e-01	1.755093954264141942e-01
-1.320551854585156060e-01	1.243028704812591645e+00	3.772190086235865936e-01	9.647028456473658586e-01	1.754746550785995785e-01
-1.320737147131218481e-01	1.243019410926476942e+00	3.771716822916101330e-01	9.647020428176139584e-01	1.755084150456560355e-01
-1.321383132207312461e-01	1.242987973016054459e+00	3.772134052152463224e-01	9.647034959156822742e-01	1.755087089620770424e-01
-1.320748670228157340e-01	1.243021973568655625e+00	3.772198521120609938e-01	9.646866321757537888e-01	1.755173425435722911e-01
-1.320257495135170323e-01	1.243033981406679089e+00	3.771775913254024615e-01	9.647032251286402627e-01	1.755103616519861909e-01
-1.321684060850056019e-01	1.243039508940940285e+00	3.772145826404572633e-01	9.647040386622134367e-01	1.755082483488058509e-01
-1.320198726785136722e-01	1.243044018343494317e+00	3.771538352514351988e-01	9.646998908491466462e-01	1.754997262657418955e-01
-1.320351345166781432e-01	1.243045675880494860e+00	3.771800624248771716e-01	9.647044013224667092e-01	1.755066030750450645e-01
-1.320350976680404187e-01	1.243007521184996245e+00	3.772128259658863447e-01	9.646967220273356958e-01	1.755130614403507816e-01
-1.320749297539336176e-01	1.243044671568509507e+00	3.772290700123958618e-01	9.646912511150863567e-01	1.755113835303132030e-01
-1.320988386411380555e-01	1.243031008648655789e+00	3.772001855691401451e-01	9.647095271814291051e-01	1.755315996023844305e-01
-1.321400540021747949e-01	1.243011895513622678e+00	3.772145079847326610e-01	9.647062687587251162e-01	1.755080086384500360e-01
-1.320861352817839507e-01	1.242991506991924400e+00	3.771954167734455354e-01	9.646900746172223373e-01	1.755209508534812668e-01
-1.320551493554512623e-01	1.243116561069764092e+00	3.772133931207030666e-01	9.647037417888305599e-01	1.755106283136996237e-01
-1.320808159731568510e-01	1.243083727747233302e+00	3.771952699172982926e-01	9.647031948871686025e-01	1.755092034530006950e-01
-1.320715130771853985e-01	1.242964227115982423e+00	3.772374888717562880e-01	9.647049513788907849e-01	1.755092036450012771e-01
-1.321078704644735313e-01	1.243042807613184975e+00	3.772236474359972336e-01	9.647010193989890015e-01	1.754618926665220402e-01
-1.320758820122671928e-01	1.243031226537983480e+00	3.771689852322903658e-01	9.647030240709376647e-01	1.755155333801957651e-01
-1.320736957695419767e-01	1.243040351198036353e+00	3.772501950733704867e-01	9.646986483563564363e-01	1.755526927065363396e-01
-1.320193453944169260e-01	1.243048336401937348e+00	3.772339652037379754e-01	9.647038773815934665e-01	1.755034408865255580e-01
-1.320412422628311766e-01	1.242964740582886307e+00	3.772139357870442633e-01	9.647023878635365701e-01	1.755151970467407896e-01
-1.320951920385544098e-01	1.243008512842673774e+00	3.772171242292409188e-01	9.647031940333949951e-01	1.755093997027403763e-01
-1.320491267020717785e-01	1.243054299173385946e+00	3.772249437790011206e-01	9.647028612955074189e-01	1.755084651373042537e-01
-1.320861546175269297e-01	1.243000706134947730e+00	3.772108168019106533e-01	9.646965040819119874e-01	1.755115555117451043e-01
-1.321032561245056303e-01	1.243032036545641095e+00	3.772077494707268275e-01	9.647031949291909880e-01	1.755091457795162901e-01
-1.321204914719710244e-01	1.243053194475945533e+00	3.772551154129187290e-01	9.646874434319235858e-01	1.755116204542422897e-01
-1.320025178492317541e-01	1.243041629923834934e+00	3.772127774498741370e-01	9.647002985217580928e-01	1.755051410757832442e-01
-1.321394394388892835e-01	1.243088243320437103e+00	3.772182916884108117e-01	9.646976981748857094e-01	1.754929944793797991e-01
-1.320792098493369926e-01	1.243067918140585260e+00	3.772155144677276639e-01	9.647038400760900023e-01	1.755039929235528984e-01
-1.320717951947102675e-01	1.243029219311109435e+00	3.772183835783600170e-01	9.646405502596786530e-01	1.755039613796258446e-01
-1.321582780734560647e-01	1.243045839111143192e+00	3.772206404735497509e-01	9.647062555324321664e-01	1.755061852322548077e-01
-1.319861658271499483e-01	1.243036020362355609e+00	3.772153564066897391e-01	9.647005825510919230e-01	1.755097640024151362e-01
-1.320718022474536846e-01	1.243057992482558660e+00	3.771699996630145657e-01	9.647181665187533062e-01	1.755110088821094094e-01
-1.320758833064990534e-01	1.243088724141304224e+00	3.772294847469003787e-01	9.646671443504709620e-01	1.755148558323332553e-01
-1.320766879675874805e-01	1.243008306840979627e+00	3.772161648282741919e-01	9.647116928359960042e-01	1.755379407132279246e-01
-1.320734565718946207e-01	1.243065283083731654e+00	3.772128457865358553e-01	9.647264010777257814e-01	1.754863120512443475e-01
-1.320772726603327007e-01	1.243055698203925585e+00	3.771904349604082718e-01	9.646798567311178907e-01	1.755012565558651261e-01
-1.320543122560618732e-01	1.242994603419398603e+00	3.772444411357716021e-01	9.647231797016557753e-01	1.755134690719595547e-01
-1.320581758911568981e-01	1.243033100414905556e+00	3.772206642624140738e-01	9.647015506754663683e-01	1.755692182239371457e-01
-1.320823435640198773e-01	1.242994185840016863e+00	3.772146764761221682e-01	9.647032582390491218e-01	1.755092184481457651e-01
-1.320359160041877367e-01	1.243039741360737693e+00	3.772489980101824680e-01	9.647197935113659417e-01	1.755091417665619047e-01
-1.320303865164099977e-01	1.243029520048456904e+00	3.771814578030355802e-01	9.646722600703362405e-01	1.754753416335567695e-01
-1.320143889765848511e-01	1.243002036699869084e+00	3.772146747293891877e-01	9.647023203588301898e-01	1.755096569243183580e-01
-1.320822729955736796e-01	1.243018212691478608e+00	3.772210765652950770e-01	9.646860831184482787e-01	1.754786942808126693e-01
-1.320725544486008041e-01	1.243050629321949652e+00	3.771991853628989255e-01	9.647038291842019442e-01	1.755262609774022320e-01
-1.320057279774210224e-01	1.243085793063241740e+00	3.772143075854973993e-01	9.647019884327129313e-01	1.755112409674270679e-01
-1.320883427227806106e-01	1.243041055404632056e+00	3.772145082219307555e-01	9.647230216242504985e-01	1.755134364781750778e-01
-1.320208807876945833e-01	1.243037485904369799e+00	3.772144559282741283e-01	9.647034615545455605e-01	1.755086693428332678e-01
-1.320672187941530629e-01	1.243033089690423809e+00	3.772145711305780469e-01	9.647028149239604833e-01	1.755104571066143926e-01
-1.320577494317470013e-01	1.243018525922932938e+00	3.772439091739492323e-01	9.646988002084988523e-01	1.755207326490350883e-01
-1.320583554886695654e-01	1.242996463912150462e+00	3.772126732079419953e-01	9.647015925719518714e-01	1.755104255936977276e-01
-1.320664223251599989e-01	1.243028163367193795e+00	3.772582356364381773e-01	9.646995342301361021e-01	1.754947032553462460e-01
-1.320994796354013345e-01	1.243077239371236153e+00	3.772145603823299220e-01	9.647031985879317428e-01	1.755091502666697723e-01
-1.321010509227523166e-01	1.243075359777965128e+00	3.772142411482997115e-01	9.647025953273098420e-01	1.755076180997732771e-01
-1.320074936400982835e-01	1.243035875826577819e+00	3.772116638773692077e-01	9.647166224825394210e-01	1.755004216135427342e-01
-1.320188723477732640e-01	1.243064644860894408e+00	3.772428404010310654e-01	9.647182638212686845e-01	1.755242310634474723e-01
-1.321172636664332267e-01	1.243076589158116141e+00	3.772439450379047599e-01	9.647131732675171545e-01	1.755143890931328554e-01
-1.320469920255189777e-01	1.243074514574493028e+00	3.772359464577855204e-01	9.646877440290640982e-01	1.755127919437239059e-01
-1.321034477743619762e-01	1.243033608424801484e+00	3.772036364743358572e-01	9.646927624822609904e-01	1.754985359415749957e-01
-1.320844417167500173e-01	1.243072249106088822e+00	3.772407045244332569e-01	9.646913985881663267e-01	1.755025229401684372e-01
-1.320368905318144992e-01	1.243010697298393419e+00	3.772357172053755758e-01	9.647160776846263053e-01	1.755144209299472902e-01
-1.321012624942912994e-01	1.243019091936581111e+00	3.772092233190500465e-01	9.646949238401529847e-01	1.755130497295451508e-01
-1.321219172492856808e-01	1.243054891154726338e+00	3.772131615156220641e-01	9.646684382390222634e-01	1.755091386060461667e-01
-1.320794449272435778e-01	1.242997254706323051e+00	3.772088936645596746e-01	9.647091686652304876e-01	1.754497742579185782e-01
-1.320919788921470495e-01	1.243024476194706018e+00	3.772143883207088044e-01	9.647347782217507994e-01	1.754908144081074317e-01
-1.320713423758209659e-01	1.243016764789741879e+00	3.771884482359839641e-01	9.647305688852689798e-01	1.755118421108642357e-01
-1.321173269854827026e-01	1.243055152753711701e+00	3.772367658938837742e-01	9.646927538192995311e-01	1.754953198176973650e-01
-1.321467710807494311e-01	1.243030554691749279e+00	3.772181269054899477e-01	9.647002670547719649e-01	1.755089259225606213e-01
-1.321481828631554389e-01	1.243025293604488990e+00	3.772145347265976612e-01	9.646949056928517674e-01	1.755049987792298427e-01
-1.320637224156259171e-01	1.243020452834972200e+00	3.772159894442368433e-01	9.647199457774029430e-01	1.754933342510152927e-01
-1.320838314815882264e-01	1.243091728715924216e+00	3.772275992168308001e-01	9.647038183765672681e-01	1.755291639605600640e-01
-1.321631477579289782e-01	1.243019672232533512e+00	3.772143089178630615e-01	9.647033049471306354e-01	1.755084024097988138e-01
-1.320736039837326070e-01	1.243049889868897306e+00	3.772028350253838203e-01	9.647075745274865666e-01	1.755106177812731094e-01
-1.321229608272662670e-01	1.243037650788212822e+00	3.772097166765130405e-01	9.646875051647726407e-01	1.755195722557757465e-01
-1.320767072899097228e-01	1.243037124965362006e+00	3.771728354110399084e-01	9.646894960359798654e-01	1.755064279372289260e-01
-1.321055387049481222e-01	1.243041631461309526e+00	3.772209940595948052e-01	9.646985463702802965e-01	1.755101516911033444e-01
-1.321309277762676704e-01	1.243041023396025624e+00	3.771703857956210659e-01	9.647040327904509160e-01	1.755011161481264959e-01
-1.320802641489300377e-01	1.243035730401830241e+00	3.772252653619786456e-01	9.647304600727519830e-01	1.755060454600736730e-01
-1.320451706242855572e-01	1.243023367065332119e+00	3.771975498319478093e-01	9.647047234647663227e-01	1.754983643510333036e-01
-1.320557211385026408e-01	1.243004152120650296e+00	3.771971298009556550e-01	9.647119049384773604e-01	1.755143663732996462e-01
-1.320341521242840155e-01	1.243025583563494019e+00	3.771979476387981034e-01	9.647031865890355329e-01	1.755091985764908602e-01
-1.320737099447732155e-01	1.243016979779579145e+00	3.772264270898241234e-01	9.646968595222422671e-01	1.755167721460611230e-01
-1.320862493679500205e-01	1.243066677260160846e+00	3.772366970654577045e-01	9.647027127780855027e-01	1.755094251582472731e-01
-1.320150733270179788e-01	1.243039280750881437e+00	3.772142078859849756e-01	9.647036519476211991e-01	1.755263292906145134e-01
-1.320849219580012834e-01	1.243015952507667832e+00	3.772235053074916578e-01	9.647470381695485431e-01	1.755176937295035433e-01
-1.320490593105607402e-01	1.243039600115134924e+00	3.771887977018529292e-01	9.647207234974006784e-01	1.755663590934341267e-01
-1.320124980166814399e-01	1.243033768992985566e+00	3.772129147644192604e-01	9.647031596458862657e-01	1.755086619317891006e-01
-1.320917862408462207e-01	1.243090591517105103e+00	3.772142687164721231e-01	9.647032443520597855e-01	1.755095542115336082e-01
-1.321123822944661741e-01	1.243037252744696453e+00	3.772204978423522870e-01	9.647028784417582825e-01	1.755082325654561681e-01
-1.320432872854863660e-01	1.243062131988879271e+00	3.771427862917562934e-01	9.647098351206162548e-01	1.755129665211644652e-01
-1.320447416082047853e-01	1.243008143699764645e+00	3.772077291799701970e-01	9.647033162515795679e-01	1.755093765000750039e-01
-1.320589057132508792e-01	1.243044990686031914e+00	3.772150434299773036e-01	9.646978568277244648e-01	1.755230437545210742e-01
-1.320777694255363677e-01	1.243040900088566936e+00	3.772092122429560046e-01	9.646939571099415467e-01	1.755094164139787694e-01
-1.320879184910403181e-01	1.243036924637827445e+00	3.771783546660837927e-01	9.647012423522326463e-01	1.754749202304858036e-01
-1.321175658097131500e-01	1.243091017036918045e+00	3.772143520975034803e-01	9.647025062873338941e-01	1.755104849119464572e-01
-1.320472263662652024e-01	1.243012616233935663e+00	3.771643808684895238e-01	9.647589667692045845e-01	1.755086634535148182e-01
-1.319937107524914166e-01	1.243013127952725894e+00	3.772146988913469556e-01	9.647005757305555651e-01	1.755068878721788017e-01
-1.320240697859526580e-01	1.243037123726004944e+00	3.772145764624724729e-01	9.647041374118623391e-01	1.755087267005921159e-01
-1.320218153543324668e-01	1.243009382869679547e+00	3.772155525856742408e-01	9.647018911101749028e-01	1.755090123992451567e-01
-1.321145970312625206e-01	1.243028681337732477e+00	3.772046120535085811e-01	9.647022902550443924e-01	1.754956971442074576e-01
-1.320600136329914687e-01	1.243039841905604570e+00	3.771751775280265395e-01	9.647127035558829000e-01	1.755230487517316085e-01
-1.321484876843663503e-01	1.243010745914004067e+00	3.772147510624480615e-01	9.647004222777175730e-01	1.755092970188962265e-01
-1.320698254614122158e-01	1.242992586145081901e+00	3.772111189892434213e-01	9.647302260922338002e-01	1.755102928555823394e-01
-1.321226161664899035e-01	1.243030707289772829e+00	3.772036298620728423e-01	9.646915313234796230e-01	1.755381578612278670e-01
-1.321207763543081060e-01	1.243023577549523084e+00	3.772145313353133522e-01	9.646985680438601163e-01	1.755074219112568723e-01
-1.321027267614263145e-01	1.243036671430481688e+00	3.772036603850860703e-01	9.647064531959000933e-01	1.754980323520534402e-01
-1.320633178103943761e-01	1.243026012443634531e+00	3.771588022591004785e-01	9.646642198398067691e-01	1.755034472658705547e-01
-1.321085813230685746e-01	1.243014123053008735e+00	3.772372761365708205e-01	9.647042171175018721e-01	1.755089356460680650e-01
-1.320370521693676469e-01	1.243039240136196932e+00	3.772111950896923083e-01	9.647031183261853826e-01	1.755086180837502896e-01
-1.321003843861343896e-01	1.243054220129955922e+00	3.771535949305336310e-01	9.647027338467193402e-01	1.755054776569269503e-01
-1.320266461248010559e-01	1.243054228201220690e+00	3.772152839121630241e-01	9.647054318930869954e-01	1.754974100412377835e-01
-1.320829821069579579e-01	1.242985892085969324e+00	3.772010017334520016e-01	9.647038823098095239e-01	1.755099092653327475e-01
-1.321322331792772198e-01	1.243046440580609424e+00	3.772307805800094727e-01	9.647082293980294709e-01	1.755054251490540951e-01
-1.321478156582890362e-01	1.243037427933724848e+00	3.772139966962232416e-01	9.647034850153893837e-01	1.755092346341842469e-01
-1.320627239595232316e-01	1.243048738650223806e+00	3.771985398629689179e-01	9.647207076745424326e-01	1.755444634024827533e-01
-1.320648243294189339e-01	1.242958361768403019e+00	3.772087577669980263e-01	9.647043387735074749e-01	1.755101282451381195e-01
-1.321437330370660579e-01	1.243040946873716024e+00	3.772147910480471156e-01	9.647024153230077115e-01	1.755079492994171819e-01
-1.320687045621669331e-01	1.243036756483748340e+00	3.772097901396362363e-01	9.647054109108378350e-01	1.755096306497716530e-01
-1.320136433480009197e-01	1.243041452463164109e+00	3.772184095795107495e-01	9.647032536729628349e-01	1.755330455005761903e-01
-1.321309260917855333e-01	1.243030707359339848e+00	3.772503988941990349e-01	9.647032155864555536e-01	1.755103541641007403e-01
-1.320546515126230780e-01	1.243038082878809236e+00	3.771889784352214225e-01	9.647073178304453878e-01	1.755097924929442943e-01
-1.321493394046742986e-01	1.243040020966485359e+00	3.772138539144944680e-01	9.647031774357593958e-01	1.755091994471523753e-01
-1.320114545649956617e-01	1.243033383071926012e+00	3.772328209698024848e-01	9.647038325905928913e-01	1.755071967838940927e-01
-1.319839945658188018e-01	1.243065051482553196e+00	3.772193790987992679e-01	9.647044961802750951e-01	1.755089466175560331e-01
-1.321577834329154266e-01	1.243031751799400286e+00	3.771977332309696673e-01	9.646972259414600126e-01	1.755032007100566782e-01
-1.320544844134367846e-01	1.243079288911819402e+00	3.772330600795968381e-01	9.646902808928854434e-01	1.755090649130538749e-01
-1.320781134265966994e-01	1.243084004066866033e+00	3.772095516324190378e-01	9.647038763618028812e-01	1.755423740668537735e-01
-1.321447148785586667e-01	1.243028114639728399e+00	3.772175448796884489e-01	9.647033959766467826e-01	1.755095949907186648e-01
-1.320649231314925953e-01	1.243024820359463378e+00	3.771458945305095067e-01	9.647098522334177639e-01	1.755053062506723716e-01
-1.321095847831693648e-01	1.243045494292119413e+00	3.772153458496666500e-01	9.647050232891820620e-01	1.755076850191547300e-01
-1.320721648142940408e-01	1.243066860281999420e+00	3.772317637545920532e-01	9.647158678213397787e-01	1.755023355335848245e-01
-1.321426538778183168e-01	1.243043309765231585e+00	3.772222580032724149e-01	9.647210025557348967e-01	1.755080776094690986e-01
-1.320531672887780006e-01	1.243020633742094816e+00	3.771917296829003785e-01	9.647029781246928559e-01	1.755080736743988568e-01
-1.320387129022859984e-01	1.243110329745768405e+00	3.772141181604000137e-01	9.647066126353762705e-01	1.755073891410029452e-01
-1.320527471640853823e-01	1.243019209565564331e+00	3.772224890885221837e-01	9.646977074639901950e-01	1.755277571943008874e-01
-1.320822163604951638e-01	1.243037074261602148e+00	3.771971103397245284e-01	9.647073348756610711e-01	1.755029846780990221e-01
-1.321031292993301298e-01	1.243065878639951549e+00	3.772367882971873754e-01	9.647042799387626211e-01	1.755114775281320927e-01
-1.320607759849048435e-01	1.243028104547691859e+00	3.772384318672493686e-01	9.646904879654851772e-01	1.754999703203292127e-01
-1.320791966700118059e-01	1.243057285897155362e+00	3.772051884768001240e-01	9.646971583939530914e-01	1.754986531741727085e-01
-1.321075879124150310e-01	1.243043180370819956e+00	3.772076566490140115e-01	9.647061361583250116e-01	1.755253946581354085e-01
-1.320371898211759598e-01	1.243056655536439958e+00	3.772210216788729475e-01	9.647389094716030122e-01	1.755045441624563940e-01
-1.320571173203423931e-01	1.243033324073490764e+00	3.772146268125993185e-01	9.647030720019345029e-01	1.755095104483710422e-01
-1.320897968946924128e-01	1.243038354291273739e+00	3.772146727011838063e-01	9.647031686270960416e-01	1.755091952623646367e-01
-1.320955750129748363e-01	1.243110856872241321e+00	3.772136010749821411e-01	9.646956812392570857e-01	1.755063935643788875e-01
-1.320096886604867903e-01	1.243042999989723230e+00	3.772145637874448343e-01	9.647041050913593985e-01	1.755043090921389326e-01
-1.321434183045647748e-01	1.243034726041063021e+00	3.772207840909279075e-01	9.647213167188750660e-01	1.755183067653607043e-01
-1.320497407718996541e-01	1.243016068339519276e+00	3.772230479492992283e-01	9.647225638558352134e-01	1.755084938727597688e-01
-1.320729940721059592e-01	1.243029769492614678e+00	3.772569326436702730e-01	9.646461688720593397e-01	1.755077028818783913e-01
-1.321100570059150769e-01	1.242998670967231378e+00	3.772191830482358732e-01	9.647031554145902854e-01	1.755103967790221653e-01
-1.320411573698817564e-01	1.243066396212641811e+00	3.772075377966035425e-01	9.647031229959196486e-01	1.755097856854775096e-01
-1.320126301888231990e-01	1.243049470916895771e+00	3.772272428318478865e-01	9.647032128657972994e-01	1.755092497609488378e-01
-1.321507107484692634e-01	1.243038730434805617e+00	3.771960482198343234e-01	9.647021794723849020e-01	1.755105979177075115e-01
-1.321451370324225605e-01	1.243092184633837416e+00	3.772146465722470698e-01	9.647035884132396655e-01	1.755090846026592932e-01
-1.320739921421792140e-01	1.243035480058240161e+00	3.772108774700708156e-01	9.646886557331267875e-01	1.755126190395631114e-01
-1.319911135292401450e-01	1.243046678176924935e+00	3.772113307667957494e-01	9.647003824465765209e-01	1.755180827991497938e-01
-1.320676754842612932e-01	1.243010500522752526e+00	3.772798615326608540e-01	9.647020770890130104e-01	1.755218812822501306e-01
-1.321036925767007375e-01	1.243006202799651350e+00	3.772607078622688959e-01	9.647251544718717930e-01	1.755139802642005087e-01
-1.320917217693100276e-01	1.243032348016372524e+00	3.772365496992471368e-01	9.646262318906658750e-01	1.755151386029170923e-01
-1.320139334648663121e-01	1.243042153285899287e+00	3.772112593667501512e-01	9.646984579408565130e-01	1.755160057473981738e-01
-1.320410068865176811e-01	1.243040361755939349e+00	3.772127736232526174e-01	9.647041232953459389e-01	1.755088072753686335e-01
-1.319781845378717178e-01	1.243038149382228896e+00	3.772167544731705457e-01	9.647016405309156717e-01	1.755093851887110368e-01
-1.321290267133940488e-01	1.243040558222931358e+00	3.772190869204001817e-01	9.647034114239829705e-01	1.755095580307093062e-01
-1.321251034270902736e-01	1.243054248466449740e+00	3.772141464243357611e-01	9.647004321884693478e-01	1.755076334840535712e-01
-1.320343042598623173e-01	1.243065030922896774e+00	3.772283131379491339e-01	9.647130201726830112e-01	1.755219612980878086e-01
-1.321339212808879393e-01	1.243020371485917375e+00	3.772230876500304309e-01	9.647212894596783883e-01	1.755093907391203079e-01
-1.320924456770960487e-01	1.242995760006385231e+00	3.772114787513945466e-01	9.646977987310051406e-01	1.755056419521155153e-01
-1.320735805081353076e-01	1.243018479869479220e+00	3.771913978600083817e-01	9.647804006523976739e-01	1.754858851643485984e-01
-1.321311245253678490e-01	1.242988581616114807e+00	3.772145280835297321e-01	9.647029940459543873e-01	1.755087687748784209e-01
-1.320646964364709519e-01	1.243032303453638798e+00	3.772760747152245631e-01	9.646979800144632744e-01	1.754968449152199406e-01
-1.321378215760367902e-01	1.243027431196461308e+00	3.772156544801528733e-01	9.647006357813797672e-01	1.755046588403940122e-01
-1.320549786162671380e-01	1.243041427146193367e+00	3.772223421188152792e-01	9.647031316385317190e-01	1.755092100312789782e-01
-1.320383119323804144e-01	1.243056815796048209e+00	3.772368902991278250e-01	9.647026551728117294e-01	1.755090033343473799e-01
-1.320123028025003975e-01	1.243072918435301544e+00	3.772123412806611120e-01	9.647054286277974011e-01	1.755088290076411706e-01
-1.320743182726648590e-01	1.242996195967718709e+00	3.772172350008759500e-01	9.647175100373176493e-01	1.754522837589588546e-01
-1.320944630016977483e-01	1.243053400450161439e+00	3.772141281660231216e-01	9.647020301790822927e-01	1.754988841022528667e-01
-1.320245628231934421e-01	1.243095261033351218e+00	3.772195848859307143e-01	9.646998034245535258e-01	1.755107831586654732e-01
-1.320691369139130322e-01	1.243023039784821204e+00	3.772112002674417042e-01	9.647021410904925709e-01	1.755362135470659168e-01
-1.321568845122006730e-01	1.243045154338343616e+00	3.772149195451670045e-01	9.647046605710084544e-01	1.755090130574720741e-01
-1.320686271259946809e-01	1.243036641449732249e+00	3.772144745812533451e-01	9.647029821573118724e-01	1.755057806563363743e-01
-1.320822093064762393e-01	1.243024753510750147e+00	3.772632375408347949e-01	9.647159095443216259e-01	1.755622104180304122e-01
-1.320958108421915744e-01	1.243061495428972263e+00	3.771846875151495526e-01	9.646946872245707461e-01	1.754967782617553873e-01
-1.320308346204316363e-01	1.243043378863168291e+00	3.772160626669256445e-01	9.647037734464639636e-01	1.755082414839236882e-01
-1.320745321483557944e-01	1.243040389190930295e+00	3.772211221088297428e-01	9.647425815011193562e-01	1.754726693398719894e-01
-1.320724684793409265e-01	1.243018834596046895e+00	3.771763220190337829e-01	9.647008217557513365e-01	1.754766621784897285e-01
-1.321210405061852833e-01	1.243011311313782619e+00	3.772199757698893596e-01	9.647141417659294005e-01	1.755357517953237689e-01
-1.320783367075046844e-01	1.242952245698287328e+00	3.772152096921678188e-01	9.647012466736476499e-01	1.755078267401981862e-01
-1.320966106492239278e-01	1.242987788111365788e+00	3.772168854849115016e-01	9.647028818598546440e-01	1.755142878094662073e-01
-1.321042860618212855e-01	1.243057598688837251e+00	3.772085897275451183e-01	9.647028876668115593e-01	1.755107833486571622e-01
-1.320948540870085230e-01	1.243046268357272277e+00	3.772438319795521910e-01	9.647386849985088997e-01	1.755011820435133929e-01
-1.320988586745049931e-01	1.242999298910458572e+00	3.771876637601796478e-01	9.647297845059950028e-01	1.755029183204155352e-01
-1.321347532666124203e-01	1.243049168305236041e+00	3.771532754340324867e-01	9.647044465838801042e-01	1.755093158366646255e-01
-1.320177679988434605e-01	1.243038819086081492e+00	3.772110510158445118e-01	9.647102784961113509e-01	1.755098851834287765e-01
-1.320239245396359340e-01	1.242995667739950960e+00	3.772155535102288404e-01	9.646943084844229466e-01	1.755192491049349657e-01
-1.320222500815865507e-01	1.242998789908436263e+00	3.772005192595038192e-01	9.647032104419127618e-01	1.755094334894720942e-01
-1.320129169141834868e-01	1.243034199230546033e+00	3.772264277619875594e-01	9.646920845303684766e-01	1.755106812110749370e-01
-1.320915605739687859e-01	1.243021490155319597e+00	3.772106070475840234e-01	9.646401904471647581e-01	1.754969044726730765e-01
-1.321020775872425168e-01	1.243057642139304919e+00	3.772030550167084217e-01	9.647480899862801440e-01	1.754974686885809043e-01
-1.320895060569899915e-01	1.242989836808839677e+00	3.772115145891601906e-01	9.647019483955386887e-01	1.755070949675940073e-01
-1.320796984467977331e-01	1.243025791445482309e+00	3.772089135419915418e-01	9.647127676806653840e-01	1.754900039978909976e-01
-1.321228346234007422e-01	1.243079514270076347e+00	3.771593884352245629e-01	9.647032201798053652e-01	1.755144709828614924e-01
-1.321015269544245085e-01	1.242987551432062299e+00	3.772066542955359036e-01	9.646892319514552838e-01	1.755072736159878632e-01
-1.321401031272629034e-01	1.243055498601611131e+00	3.772118586025158815e-01	9.647018294508588054e-01	1.755112149316931103e-01
-1.321089167636621819e-01	1.243037399556673472e+00	3.772147060867106494e-01	9.647108979017035013e-01	1.755096245496625129e-01
-1.320945192039378602e-01	1.243040076616961143e+00	3.772263359114436665e-01	9.647106568839179941e-01	1.755023880766498068e-01
-1.319877839996836111e-01	1.243036493359779060e+00	3.772191262047641658e-01	9.647010982939472346e-01	1.755047779543890685e-01
-1.320648051531645439e-01	1.243065340550782327e+00	3.771869949884270046e-01	9.646984243445789753e-01	1.755095616166022221e-01
-1.321104252941744661e-01	1.243056936543152968e+00	3.771957465879661742e-01	9.646565798643162992e-01	1.755036037349963496e-01
-1.320585594307125687e-01	1.243051953332667825e+00	3.772552611105032816e-01	9.647031799737861846e-01	1.755240859557953004e-01
-1.321592167365054360e-01	1.243050308513934166e+00	3.772168116549423633e-01	9.647031966570805972e-01	1.755078903998848194e-01
-1.320451132953902040e-01	1.243022267257404501e+00	3.772146592324650549e-01	9.646932867209350171e-01	1.755164275560192610e-01
-1.320888525946151693e-01	1.243065447389441802e+00	3.772116856706089205e-01	9.647142765338716508e-01	1.755231903184492348e-01
-1.320613085690128807e-01	1.242998092943180310e+00	3.771890223819513999e-01	9.646893241430625210e-01	1.754943136699411432e-01
-1.320489563290425383e-01	1.243045263374304321e+00	3.772310918019378678e-01	9.647003791882411416e-01	1.755099676546001408e-01
-1.320539010293477478e-01	1.243025091918479985e+00	3.771818812725241110e-01	9.647047520832755518e-01	1.755033766224822211e-01
-1.319813568884008470e-01	1.243013606277024952e+00	3.772143362311461967e-01	9.647033975545644680e-01	1.755076286872000457e-01
-1.320569186199315459e-01	1.243059853353492894e+00	3.771891478684663568e-01	9.646991537347500145e-01	1.755140238011623777e-01
-1.321436629543590591e-01	1.243028082721920002e+00	3.772137082813382669e-01	9.647035944113352413e-01	1.755093665777537615e-01
-1.321120355820501191e-01	1.243037552945323920e+00	3.772086583245198854e-01	9.647031988123252466e-01	1.755092058021437140e-01
-1.320719481697161524e-01	1.243047381066467283e+00	3.771994729290149562e-01	9.647129386612635082e-01	1.755253443879456476e-01
-1.320434887885835462e-01	1.243035497401727918e+00	3.772160196581673119e-01	9.646817926641652052e-01	1.755179809445856776e-01
-1.320742638552831472e-01	1.242987290810470213e+00	3.771638279296471441e-01	9.647013499146654958e-01	1.755104158840799788e-01
-1.321279260389990606e-01	1.243043175428864444e+00	3.771966840869546145e-01	9.647040183265810365e-01	1.755098014357617531e-01
-1.320918424619793863e-01	1.243055287055868430e+00	3.772140531709627376e-01	9.647030864180802245e-01	1.755092529421030390e-01
-1.319923683664614988e-01	1.243034069071979664e+00	3.772123740825564231e-01	9.647043825700013508e-01	1.755007105961039482e-01
-1.321001910540259838e-01	1.243090450451338924e+00	3.772205771619684400e-01	9.647096935643003635e-01	1.754939979710219700e-01
-1.320736208083329588e-01	1.243068366092686672e+00	3.772379119255732660e-01	9.647556601572312429e-01	1.754788191530070318e-01
-1.321251669041092758e-01	1.243028939985072912e+00	3.772155774645417070e-01	9.647072272520257341e-01	1.754811942636272659e-01
-1.321040411168273865e-01	1.243015949106088813e+00	3.772240414099557460e-01	9.647141282057590805e-01	1.755027347261495507e-01
-1.320372223743575546e-01	1.243076330197283585e+00	3.772632750824614356e-01	9.647026675221525016e-01	1.755008798247782165e-01
-1.320783599510048645e-01	1.243120708744919423e+00	3.772126939823237657e-01	9.647079804904363787e-01	1.755090563891127386e-01
-1.321188916657177193e-01	1.242991371614933671e+00	3.771926210148627834e-01	9.647116144402839710e-01	1.754980353653649017e-01
-1.320364097827256278e-01	1.243085169402292411e+00	3.772406230430270235e-01	9.647196473117265469e-01	1.755239313842406335e-01
-1.319832020156236352e-01	1.243040396387119051e+00	3.772132484496661387e-01	9.647187463947278774e-01	1.755184424057613657e-01
-1.320289898262311523e-01	1.242988066142198367e+00	3.772061671243971404e-01	9.647045383573329413e-01	1.755168804043462372e-01
-1.321612003341192665e-01	1.243040580228742975e+00	3.772074816110484452e-01	9.647059166656848372e-01	1.755122127116350017e-01
-1.321111234944695734e-01	1.243037061979387348e+00	3.772143901136337796e-01	9.647032191649695942e-01	1.755091858388783677e-01
-1.320849434110993037e-01	1.243025837388918475e+00	3.772687494970058952e-01	9.646960909161211850e-01	1.755369336736011532e-01
-1.320732053606852863e-01	1.243040317980817377e+00	3.772197353228247119e-01	9.647045128377995660e-01	1.755082719113646439e-01
-1.320248667301429368e-01	1.243094919687171229e+00	3.771917231332986287e-01	9.646833394280324159e-01	1.754984456249369107e-01
-1.320319632997308812e-01	1.243049470626079511e+00	3.772308861833408855e-01	9.647012091715069237e-01	1.755111826061563907e-01
-1.321332066593752241e-01	1.243048765984988924e+00	3.772144667287031794e-01	9.646988937643454776e-01	1.755086166057227282e-01
-1.320967484888821986e-01	1.243030431661489965e+00	3.772020510677115412e-01	9.647355546408539206e-01	1.755137618217025575e-01
-1.321011850262743537e-01	1.243037005535449602e+00	3.772124454076490885e-01	9.647027919466645285e-01	1.755076458001156581e-01
-1.320502448258338291e-01	1.243079526092403686e+00	3.772195286649487334e-01	9.647037667376957559e-01	1.755086974614905315e-01
-1.321348261143819591e-01	1.243037178388237018e+00	3.772145518490040983e-01	9.647032180577502780e-01	1.755092230951539600e-01
-1.320720279547555054e-01	1.242950956865915613e+00	3.772048076300268948e-01	9.647043486399808909e-01	1.755093866372527678e-01
-1.320648558484469326e-01	1.243042283471784026e+00	3.772250943226729269e-01	9.647021308106568105e-01	1.754791050384350293e-01
-1.321297870489620274e-01	1.243034733253705726e+00	3.772394773362117704e-01	9.646978931088144860e-01	1.755084613645359060e-01
-1.320890607114237059e-01	1.242982642557932449e+00	3.772142714906265848e-01	9.647029142453847905e-01	1.755074144571419636e-01
-1.320234405208130790e-01	1.243054989449287495e+00	3.772109973379279002e-01	9.647284183616345876e-01	1.754808214238105790e-01
-1.321159499601632925e-01	1.243017822020425545e+00	3.772054001698768588e-01	9.647100588569818003e-01	1.755061567142245094e-01
-1.320780813933150610e-01	1.243042906220863442e+00	3.772084055171197048e-01	9.647064389082161684e-01	1.754799483925471026e-01
-1.320659200358156871e-01	1.243053007194241610e+00	3.772278429518529652e-01	9.647027939571632960e-01	1.755132048113303145e-01
-1.320068104561900324e-01	1.243026424310532008e+00	3.772140159026901585e-01	9.647031324029657906e-01	1.755079022747613737e-01
-1.321140807832197617e-01	1.243021928878504934e+00	3.772167064637327871e-01	9.647032286055802208e-01	1.755085103042278716e-01
-1.319941865666727498e-01	1.243062178633243864e+00	3.772338584291374253e-01	9.647005528835166377e-01	1.755132009275315319e-01
-1.320460167652152128e-01	1.243057776758540234e+00	3.772163006647705208e-01	9.647032130794997995e-01	1.755093968961988493e-01
-1.320968401334478293e-01	1.243081340312425453e+00	3.772385708326759235e-01	9.647070763318683628e-01	1.755197260211726062e-01
-1.320952160721339808e-01	1.243031242222535582e+00	3.772118990005192130e-01	9.647046055055531477e-01	1.755078798397827211e-01
-1.321387332772507583e-01	1.243051470041652840e+00	3.772096858755787929e-01	9.646973676591583668e-01	1.755037142885887691e-01
-1.321369470810244695e-01	1.243030523114553976e+00	3.771642971989275783e-01	9.647026293233444960e-01	1.755063461973819516e-01
-1.320749759801283230e-01	1.243009411551076138e+00	3.772018020396572524e-01	9.646789400545916493e-01	1.754983372080300419e-01
-1.320723689336582296e-01	1.243035258804022991e+00	3.772143598121338037e-01	9.647027185718207720e-01	1.755111623890143469e-01
-1.321159613732870997e-01	1.243040945861815683e+00	3.772602949313835219e-01	9.647021307274202817e-01	1.755095489061464509e-01
-1.320414786593844536e-01	1.243016984201650965e+00	3.771997846987194536e-01	9.647158161018672962e-01	1.755065410313404184e-01
-1.319988517101837178e-01	1.243036801041381478e+00	3.772133312618344836e-01	9.647025148516846782e-01	1.755172087735034914e-01
-1.320300596431374374e-01	1.243005260886454133e+00	3.772138393881367402e-01	9.647028222591976787e-01	1.755109765226744167e-01
-1.320759448582188300e-01	1.243026320021858533e+00	3.772118988894074820e-01	9.647061586206320261e-01	1.754883581251842350e-01
-1.320509536983888454e-01	1.243035780980867200e+00	3.771968136884834011e-01	9.647232003776663456e-01	1.755168011437512610e-01
-1.320848460662898405e-01	1.243036260308288954e+00	3.772225787459895785e-01	9.647763298104365948e-01	1.754784435414217247e-01
-1.321303449396653840e-01	1.243024156833570260e+00	3.772189368305808310e-01	9.646978760091395877e-01	1.755156160878706961e-01
-1.320639444868792756e-01	1.243019439872590448e+00	3.771986773441282637e-01	9.646936468999217640e-01	1.755117892266895296e-01
-1.320701081475343930e-01	1.243051165425877125e+00	3.772074510277721449e-01	9.647031206325274999e-01	1.754974088584081160e-01
-1.320458664943091054e-01	1.242960174335418388e+00	3.772120080043078749e-01	9.647074709664096304e-01	1.755091624229860592e-01
-1.320838012951877638e-01	1.243050971814705807e+00	3.772533820825199613e-01	9.647027656135918061e-01	1.755372338667254284e-01
-1.321237559976546072e-01	1.243036659562533064e+00	3.772158779589686595e-01	9.647110503450111452e-01	1.755075059383506830e-01
-1.320752322586900007e-01	1.243029957440450195e+00	3.772111082109561586e-01	9.646858009491248165e-01	1.755161707555220052e-01
-1.320741723450073735e-01	1.243043773516002926e+00	3.772518772112212204e-01	9.647154510362727642e-01	1.754680682511400580e-01
-1.320507551477906327e-01	1.243064187677003885e+00	3.772083628389945043e-01	9.646998405065607685e-01	1.755086927283914799e-01
-1.320487734984109596e-01	1.243039191247591990e+00	3.771871165191846842e-01	9.646692859971602863e-01	1.755143385531861833e-01
-1.320803829363237647e-01	1.243068723187701785e+00	3.772175454773133985e-01	9.647176090398136283e-01	1.755138534415437435e-01
-1.321280524536711243e-01	1.243024229520331092e+00	3.772183541786475747e-01	9.647193689757564972e-01	1.754992984708831361e-01
-1.321341525893509616e-01	1.243069514065326286e+00	3.772173106146278765e-01	9.647011307655473100e-01	1.755090572327163700e-01
-1.319771144228515103e-01	1.243038902347807451e+00	3.772145343859555910e-01	9.647032175510783514e-01	1.755089951514565150e-01
-1.320618933930443883e-01	1.243019001386892475e+00	3.772009968950584824e-01	9.646970216798617104e-01	1.755018423171759712e-01
-1.320155477484335482e-01	1.243057209702715715e+00	3.771923292747070278e-01	9.646960217101882007e-01	1.755069290649148850e-01
-1.320812319637906795e-01	1.243052293193905200e+00	3.772112838088070852e-01	9.647032041060203955e-01	1.755092000900300708e-01
-1.321025987131703161e-01	1.243038478214469666e+00	3.772133434707058419e-01	9.647033586411882800e-01	1.755092839936673588e-01
-1.321402478625313681e-01	1.243036119574868259e+00	3.772119004016220578e-01	9.647353139616330342e-01	1.755059705387388425e-01
-1.320390574319804389e-01	1.242980660605637944e+00	3.772139292595982907e-01	9.647033218588533243e-01	1.755092306525963264e-01
-1.320278025371084962e-01	1.243082506806141518e+00	3.772109791978394688e-01	9.646619677927763536e-01	1.755030195209948685e-01
-1.321224624064390452e-01	1.243015619894849211e+00	3.772124384760465188e-01	9.647073785701539839e-01	1.754961923410872371e-01
-1.321051475817621446e-01	1.243088819796808853e+00	3.772146546197008288e-01	9.647032031901235927e-01	1.755091953400771121e-01
-1.320500416472776550e-01	1.243035576488090044e+00	3.772303131071770288e-01	9.646695464171969325e-01	1.755147304950361309e-01
-1.320686258450092798e-01	1.243000322842660044e+00	3.772290140838889250e-01	9.647005662480202526e-01	1.755334641228990800e-01
-1.320958573038015504e-01	1.243025374718315756e+00	3.772037825670507827e-01	9.647048036126143478e-01	1.755099801104329227e-01
-1.320697083141157413e-01	1.243037442558003969e+00	3.772237241544798003e-01	9.647040204753395409e-01	1.755090275832447422e-01
-1.320910070448839124e-01	1.243048475671296504e+00	3.772145873989187770e-01	9.646982830813474186e-01	1.755091908649773769e-01
-1.320879861822632506e-01	1.243044610592818566e+00	3.771987989567750499e-01	9.647023447484197600e-01	1.755100569084841744e-01
-1.319952364805986322e-01	1.243061792441789715e+00	3.772138774439381392e-01	9.646915315199687813e-01	1.755039984171984091e-01
-1.320772131718071229e-01	1.243006814537568339e+00	3.772368776474457341e-01	9.646947063464474947e-01	1.755151577866751744e-01
-1.320491166718665288e-01	1.242993361189657975e+00	3.771956010315546948e-01	9.647004458825196860e-01	1.755198017089805718e-01
-1.321382419625279636e-01	1.243002803320720329e+00	3.772020054036349102e-01	9.646806682505296715e-01	1.755184159403599953e-01
-1.320905390878724384e-01	1.243039972334038623e+00	3.771933603066822682e-01	9.647053597297179373e-01	1.755037240758905437e-01
-1.320251823531615742e-01	1.243036948470654712e+00	3.772145508796221347e-01	9.647031646746302425e-01	1.755094318233716977e-01
-1.320701375218628348e-01	1.243050624979396446e+00	3.772149224026782321e-01	9.646959939174722942e-01	1.755155407441823523e-01
-1.320808623260715797e-01	1.243037186336687805e+00	3.772146282276406248e-01	9.647006412047547386e-01	1.755090613559043000e-01
-1.320957332898258230e-01	1.243069565020844092e+00	3.772020212221103841e-01	9.646681297745095529e-01	1.755005972496031519e-01
-1.320560827432827045e-01	1.243071656309618245e+00	3.771969604027654577e-01	9.647027647109162052e-01	1.755104640634270463e-01
-1.321571542361222595e-01	1.243036852872166920e+00	3.772130239027946530e-01	9.647036949872422884e-01	1.755096910772614427e-01
-1.320219409900685037e-01	1.243090466245573955e+00	3.772193627345915568e-01	9.646911214354995101e-01	1.755153704066835241e-01
-1.320517082234756168e-01	1.243009100438601022e+00	3.772287323881109433e-01	9.647048810023600707e-01	1.755351167715290539e-01
-1.320935469369752813e-01	1.243069277168332931e+00	3.772149776349875139e-01	9.646945494755667649e-01	1.755072037284721442e-01
-1.321048553776174583e-01	1.243041947510171719e+00	3.772100467400302248e-01	9.646988535235582196e-01	1.755026745122465481e-01
-1.321209722178569856e-01	1.243019922100935926e+00	3.772593087371619025e-01	9.647125926044293198e-01	1.755163283311943767e-01
-1.320764597447520172e-01	1.243022577658802863e+00	3.772103132563986438e-01	9.647058051496949505e-01	1.755123691845111022e-01
-1.320972679170900332e-01	1.243036935149812061e+00	3.771820493733926694e-01	9.646549368997220375e-01	1.755084464181696224e-01
-1.319816567967019294e-01	1.243048356530480847e+00	3.772188959141007381e-01	9.646976157239194327e-01	1.755085429637318339e-01
-1.320769119374542444e-01	1.243041186054409719e+00	3.772219485233065939e-01	9.646293861183419249e-01	1.755077145684779683e-01
-1.321640717867676729e-01	1.243036332312144721e+00	3.772151418725939176e-01	9.647020853286191189e-01	1.755057237252031777e-01
-1.321372002634574883e-01	1.243033656994607883e+00	3.772149303893745365e-01	9.647035786413613589e-01	1.755096548796208911e-01
-1.320584731693426606e-01	1.243102329851972110e+00	3.772037300139933769e-01	9.647519694983978100e-01	1.754971725757676349e-01
-1.320280856311643325e-01	1.243081491545910078e+00	3.772182657604348233e-01	9.647015385624287953e-01	1.755083430289723911e-01
-1.321424810411180872e-01	1.243039375866378915e+00	3.772244869704718395e-01	9.647027814398970724e-01	1.755093529218069992e-01
-1.321331719797816662e-01	1.243038116346498967e+00	3.772080383280213556e-01	9.647028211775203754e-01	1.755031601666040830e-01
-1.320480336920122899e-01	1.243037490675266143e+00	3.772142447056979209e-01	9.647045470804576084e-01	1.755068329991607001e-01
-1.320840620490402739e-01	1.243047893607668541e+00	3.771958633145875983e-01	9.647236531505045676e-01	1.755092704396624681e-01
-1.321055759247442285e-01	1.243036523833364493e+00	3.772179800918026848e-01	9.647090479156859022e-01	1.755135976359689931e-01
-1.320777589567711241e-01	1.243076202491924187e+00	3.772733560337131475e-01	9.647076042998514733e-01	1.755083251945976086e-01
-1.320584529939781981e-01	1.243060106174248780e+00	3.772354249963016937e-01	9.646918949595879589e-01	1.755014289387176463e-01
-1.320845571239323002e-01	1.243018784254819264e+00	3.772118369024093365e-01	9.646870608729605223e-01	1.754728003811489578e-01
-1.321127721721276349e-01	1.243039865032895541e+00	3.772166310805748490e-01	9.647012537057757520e-01	1.755070200255840762e-01
-1.321531350638922020e-01	1.243025503481484106e+00	3.772320867844866088e-01	9.647030632970474695e-01	1.755078120462189861e-01
-1.320037576786485811e-01	1.243048081339211297e+00	3.772130483623283848e-01	9.647063588249569221e-01	1.755086803131413464e-01
-1.320398525175577320e-01	1.243036882236910445e+00	3.772454326800823154e-01	9.646992763817543448e-01	1.754857830498686155e-01
-1.320583292579514956e-01	1.242997482111301233e+00	3.772156737077573263e-01	9.646994111867334132e-01	1.755101845150530693e-01
-1.321445971373381156e-01	1.243053244103456967e+00	3.772208735490673037e-01	9.647053972624982654e-01	1.755120022261212609e-01
-1.319860700722142732e-01	1.243042259652863857e+00	3.771989165307704228e-01	9.646952378612675405e-01	1.755096421549989238e-01
-1.320964180038717850e-01	1.243033217728271911e+00	3.772050825294844811e-01	9.646849508684540719e-01	1.755860487418454408e-01
-1.320705458384814068e-01	1.242989783343647403e+00	3.772056263347068894e-01	9.647036541704822055e-01	1.755080209627776222e-01
-1.320397166757234508e-01	1.243048121896490610e+00	3.772039712843460735e-01	9.647012080390255928e-01	1.754942513548619909e-01
-1.320289906820033277e-01	1.243033112185133460e+00	3.772224359756347623e-01	9.647029201329591075e-01	1.755092903841936058e-01
-1.320743968702388915e-01	1.243082822468852822e+00	3.772481227008616100e-01	9.646952134295483372e-01	1.755129850288909554e-01
-1.321443270805597592e-01	1.243025060528650139e+00	3.772282436738856326e-01	9.646968170794956166e-01	1.755027651336636962e-01
-1.320866286751685159e-01	1.243038181884218885e+00	3.772291823141373235e-01	9.646968940578086738e-01	1.754287418811252275e-01
-1.320552100622651714e-01	1.243092202695802895e+00	3.772239237150324387e-01	9.647200535537392430e-01	1.755138488613797176e-01
-1.320301511779075898e-01	1.243024740546136098e+00	3.772141971883698486e-01	9.647031134390117169e-01	1.755099198561662077e-01
-1.320586376646303295e-01	1.243069582856202171e+00	3.772381233714394710e-01	9.647046875715478143e-01	1.755064079830735146e-01
-1.321407429271765355e-01	1.243041068098358570e+00	3.772143131389351089e-01	9.647036147731519184e-01	1.755124274399188222e-01
-1.320133360315854654e-01	1.243012762277701633e+00	3.772025756632416127e-01	9.646852153855189904e-01	1.755087865568550620e-01
-1.320836951780015867e-01	1.243089998591205392e+00	3.772308148738000022e-01	9.647108132952769699e-01	1.755175096213931751e-01
-1.320776729143720296e-01	1.243034021938306477e+00	3.772147579174748855e-01	9.646992726804800578e-01	1.755111307359850659e-01
-1.320268999321874692e-01	1.243040008523156104e+00	3.771935032607437455e-01	9.647119263692540692e-01	1.755358129380705512e-01
