-3.237311656600342924e-01	1.042574544597501263e-01	-4.235472720767485266e-01	-2.464085166125853654e-01	-9.898515397913836000e-02
-3.237603526956893685e-01	1.042142954204789695e-01	-4.235333846408108616e-01	-2.463586626592275119e-01	-9.896303886524894511e-02
-3.236801972488040358e-01	1.041985186514519657e-01	-4.235093346065624265e-01	-2.463608137356964600e-01	-9.901139621754859177e-02
-3.236809439988144743e-01	1.041895334392036881e-01	-4.235177979277220395e-01	-2.463616117826402108e-01	-9.896320089933692554e-02
-3.237266750000743487e-01	1.042396947502156057e-01	-4.235297138846952913e-01	-2.463176108551238253e-01	-9.896828195293037866e-02
-3.237748906725421150e-01	1.042264409425181504e-01	-4.235175771975193681e-01	-2.463562593272728141e-01	-9.896192074162719898e-02
-3.237285637531936433e-01	1.042209331277371143e-01	-4.234611266158046505e-01	-2.463589848694677231e-01	-9.896340201986152108e-02
-3.237861201350100138e-01	1.042295804722731672e-01	-4.235248080824699501e-01	-2.463569230838183743e-01	-9.896264111955599407e-02
-3.237424420913216361e-01	1.042249562183847345e-01	-4.234977873348866884e-01	-2.463591727463389225e-01	-9.896320842152581121e-02
-3.237091709448616239e-01	1.042272831593042265e-01	-4.235191931361301787e-01	-2.463525711557932041e-01	-9.894592568339677374e-02
-3.237374344971234441e-01	1.041905293976923413e-01	-4.235419806499209905e-01	-2.463649442570599035e-01	-9.895688828254099734e-02
-3.237961298540639743e-01	1.042208756158951727e-01	-4.235243973800732475e-01	-2.463447980191594833e-01	-9.896142684853322102e-02
-3.238280768589398284e-01	1.042316420968048690e-01	-4.235186582776324649e-01	-2.463511357743979058e-01	-9.896963112426983289e-02
-3.236988927706315744e-01	1.041888466534116181e-01	-4.235281263987586975e-01	-2.463507109737671230e-01	-9.896108682809706680e-02
-3.237215045312885620e-01	1.042665241387156216e-01	-4.235180741499025570e-01	-2.463608610619766326e-01	-9.896094385311023089e-02
-3.237177085530780762e-01	1.041715712709128522e-01	-4.235356446673183561e-01	-2.463745644039526395e-01	-9.896669772167093759e-02
-3.236685798520365087e-01	1.042296530187368647e-01	-4.235124898336126709e-01	-2.463596407190097870e-01	-9.896823941062254937e-02
-3.236650557188267552e-01	1.042564341255948074e-01	-4.235181602904243281e-01	-2.463628416809915123e-01	-9.895577041147467223e-02
-3.237557423588589556e-01	1.042141882554418059e-01	-4.235670924091922696e-01	-2.463711880916119590e-01	-9.896175399550577456e-02
-3.237250543446957285e-01	1.042438591407314902e-01	-4.235336627050844127e-01	-2.463586567818883410e-01	-9.897841334494247856e-02
-3.236473344313157141e-01	1.042290784671082993e-01	-4.235254983455327693e-01	-2.463659847324087826e-01	-9.896184190519952129e-02
-3.236600393537774623e-01	1.042242546151166127e-01	-4.235332686120872880e-01	-2.463674263066719661e-01	-9.896408375437421023e-02
-3.237740590035955157e-01	1.042288574637943166e-01	-4.235575056625219825e-01	-2.463491790469518883e-01	-9.896286153503390526e-02
-3.237483819327635626e-01	1.041670367479120007e-01	-4.235169201671365458e-01	-2.463589903494908528e-01	-9.896456631311077723e-02
-3.237792121600058248e-01	1.042483411193901865e-01	-4.235221261402499215e-01	-2.463591656890599946e-01	-9.896277304204445513e-02
-3.237572922267863973e-01	1.042298588922610514e-01	-4.234490127881698762e-01	-2.463737735302124476e-01	-9.896279781311177748e-02
-3.236513677666362776e-01	1.042256196620198055e-01	-4.235151749565279622e-01	-2.463589441388476242e-01	-9.896260001024043129e-02
-3.237494924268426444e-01	1.042245017150641856e-01	-4.235432960521358647e-01	-2.463732751786408826e-01	-9.895387167749201962e-02
-3.237157238687253802e-01	1.042282687194929780e-01	-4.235278679791452672e-01	-2.463607324766451945e-01	-9.896154915370443395e-02
-3.237475611374764362e-01	1.042594801604101173e-01	-4.235173513268608581e-01	-2.463577055404228833e-01	-9.896109325236969456e-02
-3.236803927917994983e-01	1.042434117901926971e-01	-4.235248815635514474e-01	-2.463586815998760060e-01	-9.896248391209049033e-02
-3.237437899292190946e-01	1.041931560315786792e-01	-4.235298982473582607e-01	-2.463598482071847895e-01	-9.896542711398645387e-02
-3.238005462275665436e-01	1.042061165267828410e-01	-4.234938762685995783e-01	-2.463588085013099505e-01	-9.898950508224721445e-02
-3.237931360860814012e-01	1.042573758625214564e-01	-4.235162068885213182e-01	-2.463351948838710948e-01	-9.896681789917327610e-02
-3.237341905502155726e-01	1.042435336947281771e-01	-4.235054789003353526e-01	-2.463848328167708990e-01	-9.894481519710286721e-02
-3.237023535121619777e-01	1.042187683565085621e-01	-4.235172611286808775e-01	-2.463597534782690224e-01	-9.896229908182938018e-02
-3.237127794072225395e-01	1.042566361966747318e-01	-4.235290114853271781e-01	-2.463634148591985762e-01	-9.896374144390188143e-02
-3.237607258416310696e-01	1.041651888724747926e-01	-4.235225307239929293e-01	-2.463578489050960441e-01	-9.896265225623208928e-02
-3.236951731148192679e-01	1.042369387163073896e-01	-4.235001453704889118e-01	-2.463742974629262172e-01	-9.897166082079231209e-02
-3.237409533665037698e-01	1.042288768515916841e-01	-4.234731192156526158e-01	-2.463595164338152066e-01	-9.896880307524499876e-02
-3.237383586090900600e-01	1.042386538596605100e-01	-4.235241418780922862e-01	-2.463660171342932359e-01	-9.894205731489719158e-02
-3.237237068271283658e-01	1.042290435451059122e-01	-4.235227657407465984e-01	-2.463586407803911305e-01	-9.895968616109197813e-02
-3.236663154806107556e-01	1.042414463482778386e-01	-4.235389438126970774e-01	-2.463624969940165776e-01	-9.894529544574455493e-02
-3.237280726972703859e-01	1.042278840243678201e-01	-4.234953848485892847e-01	-2.463586204061304075e-01	-9.896324847565003691e-02
-3.237108815312592647e-01	1.042032975776492620e-01	-4.235409309318664550e-01	-2.463497735216945428e-01	-9.893981782983786444e-02
-3.237042764464119760e-01	1.042208937901627636e-01	-4.235295831375436304e-01	-2.463705507426573182e-01	-9.893369424394504730e-02
-3.237259530618130099e-01	1.042205301465749107e-01	-4.235261526494106255e-01	-2.463589954129608850e-01	-9.895338967948952291e-02
-3.237345250927191054e-01	1.042260131152448061e-01	-4.235219192537403865e-01	-2.463407123608475635e-01	-9.896858003045054530e-02
-3.236805591859299724e-01	1.042211128908903661e-01	-4.235198239986266433e-01	-2.463593581753446282e-01	-9.896457823065030190e-02
-3.237222306240346015e-01	1.042271893597382232e-01	-4.235311353247366295e-01	-2.463585927868250092e-01	-9.896320012196643812e-02
-3.237762526842056787e-01	1.042271923207936657e-01	-4.235513744120663060e-01	-2.463311880985518953e-01	-9.896293561870019018e-02
-3.236873035631727680e-01	1.041833152422427244e-01	-4.235247672545116582e-01	-2.463608432019958605e-01	-9.896838821820709564e-02
-3.237995162538455651e-01	1.042241279919422781e-01	-4.235246320707852230e-01	-2.463711568089920201e-01	-9.893730868800910960e-02
-3.237408093319628088e-01	1.042407515778898675e-01	-4.235399350643093697e-01	-2.463673461874208992e-01	-9.895287422545519240e-02
-3.237376079559879383e-01	1.042697245221684971e-01	-4.235133674892914146e-01	-2.463739492975306478e-01	-9.900693447059794039e-02
-3.237556234038414527e-01	1.041683782651799256e-01	-4.235088105107044365e-01	-2.463587614815168081e-01	-9.896264094217238627e-02
-3.237814367061482845e-01	1.041620224873433670e-01	-4.235551414343913801e-01	-2.463587459861650009e-01	-9.896291243631831491e-02
-3.236948019988225567e-01	1.041914822767453647e-01	-4.235379725660719519e-01	-2.463813833459287395e-01	-9.895933261536245251e-02
-3.237560060523155259e-01	1.042249113563448043e-01	-4.234944447543258494e-01	-2.463578690692171669e-01	-9.896683496221259091e-02
-3.237230377932996950e-01	1.042195473746316547e-01	-4.235217673469745536e-01	-2.463036109063676260e-01	-9.895192568799839050e-02
-3.236821391120406344e-01	1.042523158676547657e-01	-4.235628877827106731e-01	-2.463489312845762447e-01	-9.894053112556518148e-02
-3.237466992046769132e-01	1.042256788363227632e-01	-4.235490996905400540e-01	-2.463859884450227966e-01	-9.896300960929227397e-02
-3.237399647906761824e-01	1.042221455439801825e-01	-4.235044148571169287e-01	-2.463317030443042677e-01	-9.896256338594335011e-02
-3.237872734388315132e-01	1.042475904899871769e-01	-4.235206057474613650e-01	-2.463475082631602364e-01	-9.896516032944950580e-02
-3.237744143100328986e-01	1.042243565436714037e-01	-4.235419616706621593e-01	-2.463568300160685065e-01	-9.895109118072190069e-02
-3.238141105059170188e-01	1.042309568509262180e-01	-4.235266033057246693e-01	-2.463601321843547354e-01	-9.896254376367492889e-02
-3.237902667619707020e-01	1.042313110074994109e-01	-4.235183770832902095e-01	-2.463590185274408817e-01	-9.896338873831686533e-02
-3.236514515694512428e-01	1.041992579775495587e-01	-4.235211467530869411e-01	-2.463583419761758986e-01	-9.896235704583214443e-02
-3.237241890824626434e-01	1.042342608643328367e-01	-4.235462292552835128e-01	-2.463438999806391583e-01	-9.896376491771856354e-02
-3.236997848002018952e-01	1.042761298927833563e-01	-4.235327990172601531e-01	-2.463691129148771752e-01	-9.896152366680108226e-02
-3.237182365246701332e-01	1.042376363254217120e-01	-4.235250547032762269e-01	-2.463463702076877371e-01	-9.897439568100872831e-02
-3.237956060854261797e-01	1.042441371632955582e-01	-4.235235622146575341e-01	-2.463572458957751510e-01	-9.895931935139955227e-02
-3.236887245789940026e-01	1.042280853370780719e-01	-4.235239654583405344e-01	-2.463586670461250239e-01	-9.896251163276545415e-02
-3.237312794638638747e-01	1.041614903526672520e-01	-4.235333160485592607e-01	-2.463616495017808827e-01	-9.895770529913257285e-02
-3.237629124857922536e-01	1.041879296647130748e-01	-4.235237533955283351e-01	-2.463587163208986741e-01	-9.896254685119060257e-02
-3.237894432642241527e-01	1.041594306973638584e-01	-4.234998543119841696e-01	-2.463620256072878989e-01	-9.895785683186110460e-02
-3.237429188100752753e-01	1.041770685393870050e-01	-4.235206733548778635e-01	-2.463544895726970940e-01	-9.896030974388714263e-02
-3.238173739282371733e-01	1.042276971425837723e-01	-4.235218401238766694e-01	-2.463485853066660347e-01	-9.894596124670433646e-02
-3.237803679906919307e-01	1.041527753281304702e-01	-4.235263783615126343e-01	-2.463670834371580187e-01	-9.896042719723945058e-02
-3.236954657687725057e-01	1.042484577707375737e-01	-4.235089281741775680e-01	-2.463583687951165779e-01	-9.897288948877581982e-02
-3.237338995880972847e-01	1.042466331395631857e-01	-4.235491137516625981e-01	-2.463603218961469832e-01	-9.893911155535249635e-02
-3.237521039259339539e-01	1.042323542624076504e-01	-4.236068233820435847e-01	-2.463596164260168919e-01	-9.896336735514124627e-02
-3.238029383454537613e-01	1.042342555060070258e-01	-4.234988961524107642e-01	-2.463562948304431066e-01	-9.896627119182810350e-02
-3.238006693730475227e-01	1.042321043905881650e-01	-4.235184602384085006e-01	-2.463491949865549979e-01	-9.897209356573798134e-02
-3.237484231759705788e-01	1.042800551805362769e-01	-4.235547932077176059e-01	-2.463606888327060929e-01	-9.895078642373604516e-02
-3.237581684922085090e-01	1.041558521491940670e-01	-4.235261650355413021e-01	-2.463650542417366029e-01	-9.896638130209547968e-02
-3.237634188757376741e-01	1.042340779168387244e-01	-4.235237700950826856e-01	-2.463608364384722860e-01	-9.896169018896376623e-02
-3.237696173546799616e-01	1.042538122791909633e-01	-4.235198329620772362e-01	-2.463611456331378236e-01	-9.896270810420894348e-02
-3.237214668326217071e-01	1.042019552093101098e-01	-4.235256610507537878e-01	-2.463611982921119492e-01	-9.900292140637169391e-02
-3.237036562318059141e-01	1.042527590574812563e-01	-4.234689742181352301e-01	-2.463542302230727066e-01	-9.895415791202054334e-02
-3.237383539507834862e-01	1.041991671192738500e-01	-4.235392873377714640e-01	-2.463619987133102984e-01	-9.896396017125762279e-02
-3.237391684624292831e-01	1.042224135859581846e-01	-4.235241855925433452e-01	-2.463586595582513972e-01	-9.896248921571906831e-02
-3.236642903332519472e-01	1.042215526108788287e-01	-4.235134075036298684e-01	-2.463518951914348831e-01	-9.897853083113183903e-02
-3.237800110461379055e-01	1.041971278062027301e-01	-4.235417405108812816e-01	-2.463582941012773253e-01	-9.896640911470099000e-02
-3.236749944089721276e-01	1.042475457590268939e-01	-4.235275142779362789e-01	-2.463927361108320391e-01	-9.895477150611786676e-02
-3.237193232585321989e-01	1.042691625224995144e-01	-4.235202937636571296e-01	-2.463579217641882757e-01	-9.896005932709663055e-02
-3.237356515935794210e-01	1.041938286122231355e-01	-4.235794866568351469e-01	-2.463639953102938207e-01	-9.896523649551751400e-02
-3.237889715036705862e-01	1.042371206614563367e-01	-4.235389283371782110e-01	-2.463793387683486380e-01	-9.896149045653576670e-02
-3.237253059969461000e-01	1.042335999904298455e-01	-4.235242285702786602e-01	-2.463616710373250918e-01	-9.895978778884416405e-02
-3.237955759986144710e-01	1.042358844997919309e-01	-4.235233327683602944e-01	-2.464020751759612715e-01	-9.896307981003882315e-02
-3.236889514091833564e-01	1.042269052651813160e-01	-4.235250051450809017e-01	-2.463510029350070851e-01	-9.899473454532314864e-02
-3.237152580241367539e-01	1.042110552285656633e-01	-4.235220338650322880e-01	-2.463662653929679369e-01	-9.894613066723188799e-02
-3.237623754744585747e-01	1.042504338470612996e-01	-4.235228753145804381e-01	-2.463578866145169910e-01	-9.896186902772227678e-02
-3.237038964922892559e-01	1.042373072044250337e-01	-4.234643249749240335e-01	-2.463603566427981506e-01	-9.895800016553951695e-02
-3.238091645665975293e-01	1.042246223497709096e-01	-4.235404576557777467e-01	-2.463545056853255477e-01	-9.895888604417424350e-02
-3.237164591225167865e-01	1.042404693586253123e-01	-4.235121180433181753e-01	-2.463645066568981579e-01	-9.893636785512752163e-02
-3.236927712930779411e-01	1.042269826766804158e-01	-4.235055734705924779e-01	-2.463566753604722881e-01	-9.896655038451765418e-02
-3.236961305343502016e-01	1.042284402056675024e-01	-4.235235950567463603e-01	-2.463577026775554679e-01	-9.896381364692394267e-02
-3.237518087328876693e-01	1.042116350393316598e-01	-4.235513823534451383e-01	-2.463598086309537749e-01	-9.896167544941027183e-02
-3.237839475669372913e-01	1.042238225229275977e-01	-4.235446732512304080e-01	-2.463597303797492588e-01	-9.896317930382611538e-02
-3.236876598328794485e-01	1.042236782061396333e-01	-4.235766616654716432e-01	-2.463591825627141629e-01	-9.896205643902429572e-02
-3.237634547195946122e-01	1.042434053073523492e-01	-4.235132291677040639e-01	-2.463605807804487013e-01	-9.896252193058413527e-02
-3.237639358311380500e-01	1.042077133682916962e-01	-4.235209687705533410e-01	-2.463605334070280706e-01	-9.896261849877070749e-02
-3.236987060651575487e-01	1.042280796400389814e-01	-4.235240793669897696e-01	-2.463586231548166583e-01	-9.896308948891269219e-02
-3.237242622692044214e-01	1.042473751931653342e-01	-4.235118932916754342e-01	-2.463587636335976272e-01	-9.896249034912897591e-02
-3.237048477139777836e-01	1.042238551874551111e-01	-4.235226761166269727e-01	-2.463428100336420845e-01	-9.899711212383870140e-02
-3.236367715556953129e-01	1.042237659240718706e-01	-4.235258272214106889e-01	-2.463608038433111325e-01	-9.896333172215898699e-02
-3.236319469215731548e-01	1.042296852850538164e-01	-4.235236834943416628e-01	-2.463693134956898012e-01	-9.896038517218506969e-02
-3.237344183989900870e-01	1.042150245341497555e-01	-4.235752245939089500e-01	-2.463701968871198356e-01	-9.896531696951393897e-02
-3.237350766998791096e-01	1.042019893013680920e-01	-4.235539662053463550e-01	-2.463638254135438466e-01	-9.895836765725390949e-02
-3.236624710800933835e-01	1.042457212865803423e-01	-4.235155577542544236e-01	-2.463687802098434854e-01	-9.896775623273464106e-02
-3.237199732618092352e-01	1.042186985418168677e-01	-4.235230625548923045e-01	-2.463541438993132049e-01	-9.896582812541108998e-02
-3.236710699817985093e-01	1.042050460812361801e-01	-4.235245077030056482e-01	-2.463581668278600201e-01	-9.895792756269933266e-02
-3.237659903200512668e-01	1.041724648403220821e-01	-4.235306232643645807e-01	-2.463574585639716208e-01	-9.896134034435730142e-02
-3.237419106836893490e-01	1.042587720504310200e-01	-4.235285724389650230e-01	-2.463585799558648537e-01	-9.898765018822851258e-02
-3.237388878089021982e-01	1.042291286593206717e-01	-4.235343827854267107e-01	-2.463588505151768360e-01	-9.896233718260806500e-02
-3.237589275223300422e-01	1.042379763626694877e-01	-4.235100752312788708e-01	-2.463946318646336731e-01	-9.897841560539173689e-02
-3.237334801720145316e-01	1.042309516082950277e-01	-4.235161037536759321e-01	-2.463561811241684329e-01	-9.896377129207405143e-02
-3.236626331545740531e-01	1.042117046430614813e-01	-4.235020001027511860e-01	-2.463525516104589919e-01	-9.900486566536627342e-02
-3.236938082950269191e-01	1.042339884667305844e-01	-4.235058443621794733e-01	-2.463270937291319740e-01	-9.895287450969174337e-02
-3.237575818340315825e-01	1.041999541154081388e-01	-4.235224318824885592e-01	-2.463301133094360218e-01	-9.893410181573504547e-02
-3.237313106047864375e-01	1.043091364781088964e-01	-4.235202416591108410e-01	-2.463569195947855062e-01	-9.894637876234979590e-02
-3.236991124727924274e-01	1.042534127060642662e-01	-4.235165074155477494e-01	-2.463644177370913069e-01	-9.895766597819233290e-02
-3.236950758385147009e-01	1.042210948363416628e-01	-4.235353956040931456e-01	-2.463400258139867294e-01	-9.896314660918555106e-02
-3.236541545732815606e-01	1.042021911570325393e-01	-4.235195829560182146e-01	-2.463567753622055989e-01	-9.896179776827822294e-02
-3.237351095949326796e-01	1.042881447983959736e-01	-4.235439479708881794e-01	-2.463542810451804510e-01	-9.896432406198717169e-02
-3.237958971815512177e-01	1.042311882251089755e-01	-4.235209193382960535e-01	-2.463585660272530620e-01	-9.896351390458432706e-02
-3.237311865595138283e-01	1.042236638626879847e-01	-4.235206657542838204e-01	-2.463562194608541478e-01	-9.896519482092300257e-02
-3.237235080310265078e-01	1.041765319022306263e-01	-4.235673344414251362e-01	-2.463500321230156220e-01	-9.895474749524217628e-02
-3.237715704711660591e-01	1.042516445520599022e-01	-4.235143640291872957e-01	-2.463308172652358963e-01	-9.895397520443396933e-02
-3.237073621724887995e-01	1.042184517046232245e-01	-4.234700421357693867e-01	-2.463581540750047760e-01	-9.896322364832106644e-02
-3.237276494823323469e-01	1.042284011621078671e-01	-4.235882792599531266e-01	-2.463994307322380783e-01	-9.893111165365491011e-02
-3.237155257000928765e-01	1.042058156288347137e-01	-4.235507156372526616e-01	-2.463566048130073072e-01	-9.896253989025276254e-02
-3.237040519676112060e-01	1.042460363724696387e-01	-4.235357791627670232e-01	-2.463260695503491082e-01	-9.895176618220868914e-02
-3.237094756738899681e-01	1.042613201565944642e-01	-4.235221698322608197e-01	-2.464012574097314556e-01	-9.898744151010314962e-02
-3.236971601568764401e-01	1.042392235500925468e-01	-4.234944041354494759e-01	-2.463627286390345505e-01	-9.899680670117734504e-02
-3.237315169800082382e-01	1.041900857549240000e-01	-4.235945892014706948e-01	-2.463586251843369879e-01	-9.896437951215358853e-02
-3.237596977261003595e-01	1.042332988648461550e-01	-4.235290893465180062e-01	-2.463414548834397533e-01	-9.898533649225731146e-02
-3.237325610616189064e-01	1.042247746136476250e-01	-4.234756527580504915e-01	-2.463678122536347992e-01	-9.897162239970939968e-02
-3.237378213226452806e-01	1.042076762132300438e-01	-4.235723923123654866e-01	-2.463573739610234459e-01	-9.895971212915929960e-02
-3.237156122509861622e-01	1.042328827429682969e-01	-4.235591111046790314e-01	-2.463768545580682368e-01	-9.896493650613956417e-02
-3.237667410669092805e-01	1.042460060112106179e-01	-4.235234364846807154e-01	-2.463634501526474896e-01	-9.896838935605238585e-02
-3.236648219852822361e-01	1.042278421946245259e-01	-4.235239231170895846e-01	-2.463586676781259477e-01	-9.896251333608836742e-02
-3.237265777200427075e-01	1.041990849423637122e-01	-4.235672751586601059e-01	-2.463714348261830944e-01	-9.894325852954362344e-02
-3.237595220043046340e-01	1.042165116767159727e-01	-4.235267688408469455e-01	-2.463593371893576522e-01	-9.896687295783361538e-02
-3.237315519727835822e-01	1.041479403643870982e-01	-4.235337808803933957e-01	-2.463693453508762898e-01	-9.896766144418671363e-02
-3.237285729713424431e-01	1.041847709674227490e-01	-4.235236064873331707e-01	-2.463524015806381195e-01	-9.896462323921345616e-02
-3.236689469149249265e-01	1.042455431000825078e-01	-4.235127681018421297e-01	-2.463581975036609473e-01	-9.896610921807262595e-02
-3.238144069558530069e-01	1.042277282507581837e-01	-4.235220552618270684e-01	-2.463588943282153110e-01	-9.896252703881122659e-02
-3.236786448065986921e-01	1.042192298485787733e-01	-4.235234102069050932e-01	-2.463585838489265323e-01	-9.896251212632403704e-02
-3.237290275987532717e-01	1.042160777412176192e-01	-4.236137961936186080e-01	-2.463597700785273015e-01	-9.896694717531469287e-02
-3.237316511696819998e-01	1.041909634855640310e-01	-4.235104091781494717e-01	-2.463565880300633004e-01	-9.891403785294741735e-02
-3.237919473927178271e-01	1.042713135736203639e-01	-4.235238347976855167e-01	-2.463589436951182376e-01	-9.896735298479751586e-02
-3.237046887721480304e-01	1.042268613299990460e-01	-4.235226896072819547e-01	-2.463588686591725863e-01	-9.896296326138011301e-02
-3.237312903430868416e-01	1.041423463436590702e-01	-4.235093479713646358e-01	-2.463459065245917901e-01	-9.895230864157303352e-02
-3.236922071572411741e-01	1.042782248585418930e-01	-4.235262705348781243e-01	-2.463645206634003659e-01	-9.899158389245776846e-02
-3.236973233755334189e-01	1.042272794025959071e-01	-4.235244727629450812e-01	-2.463585230812855853e-01	-9.896252664869631399e-02
-3.237920728157934747e-01	1.042255304168162588e-01	-4.235283015888402502e-01	-2.463622025367263602e-01	-9.896160842418208481e-02
-3.237698201996546121e-01	1.042007074615254186e-01	-4.234683534455728204e-01	-2.463608403267048552e-01	-9.897049454667541935e-02
-3.237017505415111795e-01	1.042286871419415284e-01	-4.235239181690473309e-01	-2.463587065696155043e-01	-9.896253611053444643e-02
-3.237234045535379301e-01	1.042276319404130541e-01	-4.235237344546853300e-01	-2.463564099151962783e-01	-9.896241040995421012e-02
-3.236964868976274778e-01	1.042019141221922629e-01	-4.235394269724681027e-01	-2.463564158157280637e-01	-9.896316578475282399e-02
-3.236525969597687791e-01	1.042276401204075831e-01	-4.235247485353441088e-01	-2.463596553207972606e-01	-9.896251900066062313e-02
-3.236791549707294657e-01	1.042288662508926017e-01	-4.235192652164992966e-01	-2.463596910476905377e-01	-9.896124668585550010e-02
-3.237394698325773978e-01	1.042055108568045868e-01	-4.235218923268757041e-01	-2.463428334347809723e-01	-9.895993045954362688e-02
-3.237602371528130463e-01	1.042360592492926064e-01	-4.235235203737657272e-01	-2.463586447732160345e-01	-9.896276277255862397e-02
-3.237941883363401607e-01	1.042191751672469774e-01	-4.235239224229991328e-01	-2.463588013553705269e-01	-9.895889591214070136e-02
-3.237424224509119486e-01	1.042530109194883536e-01	-4.235240651450564719e-01	-2.463590132292831081e-01	-9.896277528577376859e-02
-3.236424650060349961e-01	1.042305943161880855e-01	-4.235400451270819322e-01	-2.463510164042587991e-01	-9.896064676364686730e-02
-3.236955123263817735e-01	1.042671330841564575e-01	-4.235238023135589613e-01	-2.463594130527679837e-01	-9.895994305217471754e-02
-3.237807628898337620e-01	1.042253024874821299e-01	-4.235236531199027543e-01	-2.463621606583747403e-01	-9.896247411028404051e-02
-3.237301736306490429e-01	1.042268960928508237e-01	-4.235239857762873039e-01	-2.463592399403153888e-01	-9.896245015402428680e-02
-3.238204450823494729e-01	1.042174542113355890e-01	-4.235171298795646910e-01	-2.463545230924838458e-01	-9.896522446493334624e-02
-3.238176079644146110e-01	1.042279691719305568e-01	-4.235281334658250185e-01	-2.463583631712259747e-01	-9.896618991464119219e-02
-3.237753301522001137e-01	1.042163512033362355e-01	-4.235254473644910478e-01	-2.463611635433199387e-01	-9.892649173518147654e-02
-3.236955283425841934e-01	1.042280018085307569e-01	-4.235281833144600716e-01	-2.463361725058471896e-01	-9.894981938265051680e-02
-3.237094834413621891e-01	1.042633469355876141e-01	-4.235386316434924803e-01	-2.463710196501043836e-01	-9.897858726014852060e-02
-3.237630138411765612e-01	1.041771721292315128e-01	-4.235258424143949485e-01	-2.463582960921279486e-01	-9.896278962120239053e-02
-3.236532990221154260e-01	1.042227303910432112e-01	-4.235245213521828256e-01	-2.463587209490853414e-01	-9.896249549054345063e-02
-3.237741187222546446e-01	1.041902755966052224e-01	-4.235404616702761471e-01	-2.463710708274746419e-01	-9.895185296575084721e-02
-3.236793396599326189e-01	1.041664277992431220e-01	-4.235212411758915718e-01	-2.463497788535003730e-01	-9.896613681209597002e-02
-3.237275302304096769e-01	1.042375514804784326e-01	-4.235590150865381487e-01	-2.464168295470308689e-01	-9.896585109333438934e-02
-3.236461543693844312e-01	1.042736467772226172e-01	-4.235241486718874793e-01	-2.463588085309454112e-01	-9.896248449886499432e-02
-3.237516869061022318e-01	1.042179972014892625e-01	-4.235227565420709439e-01	-2.463588242968167141e-01	-9.896227508229034353e-02
-3.237320767725101467e-01	1.042500007520756611e-01	-4.235018990096898195e-01	-2.463423737541534098e-01	-9.888251570220231434e-02
-3.237638197540401719e-01	1.042913016661416448e-01	-4.235127247119051530e-01	-2.463500324314659984e-01	-9.895766619984586177e-02
-3.237074612766338011e-01	1.041555395085874691e-01	-4.235276306164213467e-01	-2.463606175863025383e-01	-9.895785526601708071e-02
-3.237229554064591786e-01	1.042311164558400588e-01	-4.235241060367725963e-01	-2.463596897963445109e-01	-9.896260561619105167e-02
-3.237861528595683547e-01	1.042354594998311096e-01	-4.234966044723267875e-01	-2.463625378129248866e-01	-9.896572199367570377e-02
-3.236404819542899047e-01	1.042293440604072641e-01	-4.235239473338128224e-01	-2.463586619668633737e-01	-9.896250903524243803e-02
-3.237646013162480130e-01	1.042318014367873552e-01	-4.234737963640016756e-01	-2.463571567191856215e-01	-9.896218626365739512e-02
-3.238167611606186935e-01	1.042328120475707193e-01	-4.235112896720462095e-01	-2.463585238541584066e-01	-9.896501476225397220e-02
-3.237860877792140268e-01	1.041844213177154782e-01	-4.235219378764948361e-01	-2.463585881955776546e-01	-9.896259819897328114e-02
-3.237313146917960016e-01	1.042230992566366421e-01	-4.234765307900162923e-01	-2.463871400264946165e-01	-9.893273586098266792e-02
-3.237932789526847821e-01	1.042305892845734744e-01	-4.235305337398029835e-01	-2.463586846800732977e-01	-9.896218360668641856e-02
-3.237684438167525158e-01	1.042461683377640946e-01	-4.234717615060417106e-01	-2.463769949683975169e-01	-9.896131414800291015e-02
-3.238264882530489386e-01	1.042245324482934249e-01	-4.235345859603821816e-01	-2.463580957354623291e-01	-9.896289568098087797e-02
-3.236912626707523222e-01	1.042737523752549633e-01	-4.234947626629115836e-01	-2.463602257535195961e-01	-9.896338676056241901e-02
-3.237632468781830308e-01	1.042252021897485392e-01	-4.235488680064393163e-01	-2.463580014579278554e-01	-9.895814094949333117e-02
-3.238007068138593070e-01	1.042359609924761593e-01	-4.235220510467824218e-01	-2.463477726247967903e-01	-9.896492926033303994e-02
-3.236580938565709609e-01	1.042299612223297617e-01	-4.235343814326257283e-01	-2.463629067442086595e-01	-9.895655800068993424e-02
-3.236858029172871576e-01	1.042284806568057887e-01	-4.235244365258006294e-01	-2.463591430480005506e-01	-9.896117232395988672e-02
-3.238174364188335930e-01	1.042396362598023846e-01	-4.235233582090208726e-01	-2.463591074068323117e-01	-9.896339979667059805e-02
-3.237262840971150135e-01	1.042550533351404018e-01	-4.235203722549518157e-01	-2.463562919183178712e-01	-9.896193684908312360e-02
-3.236673537589535576e-01	1.042252592461597321e-01	-4.235159484296422416e-01	-2.463250011302138276e-01	-9.895962028685141576e-02
-3.237934094190260126e-01	1.042303881765319351e-01	-4.235211462379091518e-01	-2.463589768638063393e-01	-9.894955274278827151e-02
-3.237083824372974927e-01	1.042319506646893906e-01	-4.235205850552047346e-01	-2.463577402580602593e-01	-9.895892108377137009e-02
-3.236886930759537706e-01	1.041844663496809820e-01	-4.235267179943854043e-01	-2.463588192010867928e-01	-9.896251210115721009e-02
-3.237380516340865877e-01	1.042796172009793770e-01	-4.235054285055698253e-01	-2.463567132975155449e-01	-9.892677686873793674e-02
-3.236860440616338708e-01	1.042271459994687927e-01	-4.235373942032457095e-01	-2.463579699218449159e-01	-9.895797341364605260e-02
-3.238216203111566882e-01	1.042307161361175072e-01	-4.235244924217993479e-01	-2.463591756388426035e-01	-9.896265956611279002e-02
-3.236781222769457567e-01	1.042383366481507562e-01	-4.235235634024384632e-01	-2.463585229684318589e-01	-9.896215485616688401e-02
-3.237668549683748176e-01	1.042240096580287073e-01	-4.235210183428275155e-01	-2.463238884120965144e-01	-9.895800698386968131e-02
-3.237129815937797028e-01	1.041792615045066955e-01	-4.235247687227162716e-01	-2.463603193004357261e-01	-9.900087635612761505e-02
-3.237106607344175102e-01	1.042277934438492065e-01	-4.235234775807662500e-01	-2.463599931867573034e-01	-9.896227938670246194e-02
-3.237611368233369591e-01	1.042300253578315322e-01	-4.235647283643980132e-01	-2.463583062428218451e-01	-9.896877041140951514e-02
-3.237343747261153259e-01	1.042528473042166753e-01	-4.235436657386138504e-01	-2.463789668083079254e-01	-9.895578901203459787e-02
-3.237167391600674904e-01	1.042279957568342796e-01	-4.235809524262722503e-01	-2.463623978380532764e-01	-9.895471224060138626e-02
-3.237334354086639499e-01	1.042302338825775582e-01	-4.235224095079886397e-01	-2.463585321839765474e-01	-9.896311174537608668e-02
-3.236614909676877039e-01	1.042273153008465014e-01	-4.235211592485205734e-01	-2.463588891180773788e-01	-9.896159746620954156e-02
-3.237141606203018385e-01	1.042427649318545535e-01	-4.235459108422106045e-01	-2.463526047456390811e-01	-9.894632547923762345e-02
-3.237817894031224664e-01	1.042065688684894603e-01	-4.235237600576302053e-01	-2.463692564578768285e-01	-9.896617154528485061e-02
-3.237417364454531765e-01	1.042121310308940924e-01	-4.235345179200948884e-01	-2.463896472386102043e-01	-9.895448173588126950e-02
-3.238045354955593758e-01	1.042363074630885678e-01	-4.234881009931879547e-01	-2.463586077257141072e-01	-9.896260111390026148e-02
-3.237411449080239700e-01	1.042389576540716650e-01	-4.235942624022555059e-01	-2.463579307363045756e-01	-9.895574174476501339e-02
-3.236992036303657505e-01	1.042330201229546560e-01	-4.235230984708883706e-01	-2.463623878918844157e-01	-9.897006986877740498e-02
-3.238014074478200444e-01	1.041809189555061022e-01	-4.235118259896733517e-01	-2.463594117059566824e-01	-9.895834670325616422e-02
-3.236478050089763303e-01	1.042352583157018925e-01	-4.235243392297017850e-01	-2.463585868105707122e-01	-9.896054717438802772e-02
-3.237401334378071094e-01	1.042153155111162910e-01	-4.235293693512107716e-01	-2.463531677726998881e-01	-9.896104856187082355e-02
-3.236630838713536185e-01	1.042233596965674997e-01	-4.235177172918938027e-01	-2.463574554353586965e-01	-9.896403317708604708e-02
-3.237471176306603304e-01	1.042675927530438001e-01	-4.235240149050326086e-01	-2.463587815403933123e-01	-9.896252350879385096e-02
-3.237780573200531031e-01	1.042441055764692648e-01	-4.235088304151067851e-01	-2.463561528603666617e-01	-9.896726780716005867e-02
-3.237199221747064648e-01	1.041829504312807991e-01	-4.235202467245189895e-01	-2.463586834858188801e-01	-9.896673790400396797e-02
-3.237664573463789330e-01	1.042173593100732820e-01	-4.235537783327163464e-01	-2.463597312431272390e-01	-9.896057027792189154e-02
-3.236934471718545536e-01	1.042309426999686317e-01	-4.235269955197161762e-01	-2.463427136305230414e-01	-9.896251321747000229e-02
-3.236575493850505358e-01	1.042083786398418921e-01	-4.235077342538896561e-01	-2.463600779993169176e-01	-9.897923266004271525e-02
-3.237196105883171637e-01	1.042061210032386998e-01	-4.235214057723103442e-01	-2.463512470444260694e-01	-9.898415299020975333e-02
-3.237665588828566587e-01	1.042491706612646424e-01	-4.235206743121015527e-01	-2.463515192812466281e-01	-9.896529911271356728e-02
-3.237555862804737949e-01	1.042222506293775247e-01	-4.235248362089900631e-01	-2.463628754388133557e-01	-9.896335199167016761e-02
-3.237836829113452941e-01	1.042280827785988795e-01	-4.235240221670434901e-01	-2.463587116779566710e-01	-9.896056674153161370e-02
-3.237760940829007561e-01	1.042268749087624097e-01	-4.235225339895787311e-01	-2.463568717652406259e-01	-9.896242088279035010e-02
-3.237398017344849110e-01	1.042170370969240922e-01	-4.235221455917873024e-01	-2.463586054307832229e-01	-9.896290901298257503e-02
-3.237403901660101391e-01	1.042179075647007569e-01	-4.235231957903062838e-01	-2.463610333763397442e-01	-9.896256413735216029e-02
-3.237518301766066919e-01	1.042266176944195849e-01	-4.235217421792273895e-01	-2.463910214277346411e-01	-9.896557496345140259e-02
-3.237646492483933214e-01	1.042263927678503538e-01	-4.235363700152474653e-01	-2.463870299077391413e-01	-9.892295621178609499e-02
-3.237368953826618712e-01	1.042255020904458429e-01	-4.234982674284208937e-01	-2.463824705638682500e-01	-9.892032962192895407e-02
-3.237142591728673913e-01	1.042026305979053546e-01	-4.235250416635292781e-01	-2.463585193572483678e-01	-9.896205330498536457e-02
-3.238106731342277333e-01	1.042214141989925569e-01	-4.235274599254127414e-01	-2.463715457268429720e-01	-9.900803951779148238e-02
-3.237337840290533397e-01	1.042267965090788590e-01	-4.235262232660720327e-01	-2.463385278996096106e-01	-9.901482323279539588e-02
-3.237194558236809461e-01	1.042300460723845357e-01	-4.234685259915085265e-01	-2.463748993654074071e-01	-9.894302222176615258e-02
-3.237171904112592924e-01	1.042467959366317476e-01	-4.235318178524628552e-01	-2.463518720047316868e-01	-9.896829597980222326e-02
-3.237922772174186559e-01	1.042201412928321080e-01	-4.235261245396891860e-01	-2.463516650898366078e-01	-9.896211972506246957e-02
-3.237480982432998644e-01	1.041622328198706787e-01	-4.235263544973963956e-01	-2.463583138714937892e-01	-9.895576532138374015e-02
-3.237568235222743618e-01	1.042698890580597143e-01	-4.235242692907331685e-01	-2.463572994254246973e-01	-9.896157088769982901e-02
-3.236838774514127492e-01	1.042230582947619305e-01	-4.235213250683038666e-01	-2.463666085437372644e-01	-9.896298740742021094e-02
-3.237564583432049892e-01	1.042177417356773272e-01	-4.235229495068732475e-01	-2.463525817040083110e-01	-9.897097141555932787e-02
-3.237179585947344562e-01	1.042327608241001707e-01	-4.235205343782383891e-01	-2.463466664986465049e-01	-9.896999210769424904e-02
-3.237238102983391874e-01	1.041646218480751090e-01	-4.235188002286108810e-01	-2.463641585090987352e-01	-9.895130257889690750e-02
-3.238001397943250925e-01	1.041992454980006783e-01	-4.235127042498365024e-01	-2.463557028691512052e-01	-9.895865455262059518e-02
-3.237788978283883679e-01	1.042324112351760979e-01	-4.235333889496962767e-01	-2.463565774786513618e-01	-9.896226945508163064e-02
-3.238011419257932344e-01	1.042269413038081211e-01	-4.235225382986443354e-01	-2.463592826297152372e-01	-9.896350540959129860e-02
-3.236907422349017960e-01	1.042281507223711823e-01	-4.235197025202770971e-01	-2.463637018194404782e-01	-9.897156577424312540e-02
-3.237833337470287787e-01	1.042605843485963357e-01	-4.235250458383009176e-01	-2.463599083686904834e-01	-9.896531118384993553e-02
-3.237363366467509995e-01	1.042841676601332507e-01	-4.235163050120694384e-01	-2.463559733178041500e-01	-9.896314193406827164e-02
-3.236774166685810750e-01	1.042699762070907615e-01	-4.235236277449346831e-01	-2.463617611365183091e-01	-9.896331527028054409e-02
-3.238001939472386348e-01	1.042344292644217657e-01	-4.235187911385535076e-01	-2.463456457737635830e-01	-9.896386287320281527e-02
-3.237289583275829163e-01	1.042791512901114492e-01	-4.235307771833380364e-01	-2.463467421690005155e-01	-9.897316962482388680e-02
-3.236728618928998991e-01	1.042208131618714284e-01	-4.235249629978545260e-01	-2.463557838829798230e-01	-9.896028122514492764e-02
-3.238275912929207134e-01	1.042224353247840213e-01	-4.235297447524126180e-01	-2.463629586710573693e-01	-9.896625639446809952e-02
-3.237099296264912551e-01	1.041942745123124042e-01	-4.235155867671953622e-01	-2.463391606087260433e-01	-9.894899225188033554e-02
-3.237285854259805418e-01	1.042288415914884719e-01	-4.235238950333752306e-01	-2.463607434409486319e-01	-9.896240308183773537e-02
-3.237809325133800264e-01	1.042007132156171079e-01	-4.235257889550242960e-01	-2.463740426553568952e-01	-9.896317431564635725e-02
-3.237018739272544132e-01	1.042069118188669596e-01	-4.235341919571846692e-01	-2.463606781444120930e-01	-9.895790028452876308e-02
-3.236917287097580420e-01	1.042269661629472433e-01	-4.235448758099665811e-01	-2.463908112722568711e-01	-9.895490210415321120e-02
-3.237587263935697290e-01	1.042222768596193505e-01	-4.234884132524979194e-01	-2.463056529835347397e-01	-9.898561350953409554e-02
-3.237343485288101119e-01	1.042617667898401712e-01	-4.235373588481398111e-01	-2.463437444892007944e-01	-9.894768975412190914e-02
-3.237352825534888234e-01	1.042505023824539107e-01	-4.235149873640314810e-01	-2.463571833551461421e-01	-9.896358236463929925e-02
-3.237142458627190744e-01	1.042340830380796696e-01	-4.235068622190554799e-01	-2.463632566628725373e-01	-9.896782894631769856e-02
-3.236762025283188571e-01	1.042160256422582226e-01	-4.235512711391386520e-01	-2.463603006005631313e-01	-9.898804124403048910e-02
-3.236974997835831425e-01	1.041582576216354555e-01	-4.235237258075607580e-01	-2.463586842811030242e-01	-9.896246912662064188e-02
-3.238045452143583636e-01	1.042281209052641905e-01	-4.235239340318879275e-01	-2.463587669860991536e-01	-9.896233525816479359e-02
-3.237718011861661638e-01	1.041953907821858705e-01	-4.235219367749393782e-01	-2.463573014253180871e-01	-9.896976747605558400e-02
-3.237086160708402827e-01	1.042338133395849242e-01	-4.235318476800094545e-01	-2.463585799252792086e-01	-9.896230961314886332e-02
-3.237692799805431121e-01	1.042254837531633865e-01	-4.235634356505095788e-01	-2.463583874104215976e-01	-9.894718166359488254e-02
-3.237629348233252990e-01	1.042265098538560503e-01	-4.235827045669470770e-01	-2.463608451590016124e-01	-9.894263507461345530e-02
-3.237026836995532397e-01	1.042330353418563227e-01	-4.234939957603900962e-01	-2.463604963246880664e-01	-9.896240098555408871e-02
-3.237288839806456431e-01	1.042300089260809054e-01	-4.235154428616434985e-01	-2.463577173109005869e-01	-9.897674005360268534e-02
-3.237248375241016940e-01	1.041892963538565697e-01	-4.235272833112694868e-01	-2.463491144022942059e-01	-9.895763481168497189e-02
-3.237160806585603345e-01	1.042100551909187628e-01	-4.235284223978324492e-01	-2.463409555776371607e-01	-9.896932966995926340e-02
-3.237057264523193201e-01	1.042310322587994276e-01	-4.235202486328128457e-01	-2.463574921233994131e-01	-9.896204997784759094e-02
-3.237833419600326668e-01	1.042398699963345415e-01	-4.235278931855263607e-01	-2.463896366701922858e-01	-9.902198857966290624e-02
-3.237302846809882451e-01	1.042093835805835006e-01	-4.235322281589302684e-01	-2.463596471462501381e-01	-9.896347270248534445e-02
-3.237379560115395960e-01	1.042246596361893346e-01	-4.235289157292908002e-01	-2.463586616970997456e-01	-9.896237576933214486e-02
-3.237399988079376345e-01	1.042333300678798258e-01	-4.235251278840071465e-01	-2.463569439534239736e-01	-9.898260569602045089e-02
-3.238218192394436423e-01	1.042271301130554828e-01	-4.235254469727819382e-01	-2.463582334461401069e-01	-9.896265517993385608e-02
-3.237787295124559539e-01	1.042819511310542763e-01	-4.235237010865963714e-01	-2.463596173854439020e-01	-9.896560951269546547e-02
-3.237736555662585891e-01	1.042263497313316439e-01	-4.235249570954034981e-01	-2.463644232217136187e-01	-9.896224078709137117e-02
-3.236977915883638701e-01	1.041645945285546160e-01	-4.235622351608175351e-01	-2.463644581510296139e-01	-9.896438243376719235e-02
-3.237875365631691094e-01	1.042325279115353387e-01	-4.234983331256830241e-01	-2.463578113445687445e-01	-9.896386147766299268e-02
-3.237146695342462688e-01	1.042038435274867947e-01	-4.235241067257823899e-01	-2.463588429267815627e-01	-9.896200391294120158e-02
-3.238206421525857692e-01	1.042174530570308677e-01	-4.235129010702448071e-01	-2.463596332863448590e-01	-9.896282954685770017e-02
-3.237448090135949808e-01	1.042568800188192479e-01	-4.235308933217909466e-01	-2.463408774292847325e-01	-9.896517541206896473e-02
-3.236900369062360450e-01	1.041821484115823815e-01	-4.235218054346198691e-01	-2.463570644296775580e-01	-9.896270274145298196e-02
-3.237174988749137450e-01	1.041713347908917731e-01	-4.235331055017354518e-01	-2.463648183732628227e-01	-9.896531377758775727e-02
-3.237840279217978900e-01	1.042337722807116507e-01	-4.235296486280655803e-01	-2.463712971026044696e-01	-9.896882317994890044e-02
-3.236619144844521401e-01	1.042770076129679174e-01	-4.235215062547396658e-01	-2.463581134307742115e-01	-9.896605925715082352e-02
-3.237482512111041766e-01	1.042261070052974276e-01	-4.235243574903900798e-01	-2.463591057665759365e-01	-9.896302074571852736e-02
-3.237263743340590416e-01	1.042292296235261401e-01	-4.235356307449987256e-01	-2.463686171502474653e-01	-9.896453503293646536e-02
-3.238084561586576093e-01	1.042111319374761785e-01	-4.234961253980387141e-01	-2.463839810981633682e-01	-9.895869328713131907e-02
-3.237323236810544236e-01	1.042668884078582076e-01	-4.234745423691740340e-01	-2.464094184180422309e-01	-9.896870938130154782e-02
-3.236621037468161433e-01	1.042677931997527535e-01	-4.235311713788785237e-01	-2.463595277976668441e-01	-9.894061745007559638e-02
-3.237080034407899820e-01	1.042455016375805760e-01	-4.235836780587565187e-01	-2.463422686728143629e-01	-9.896233873793254532e-02
-3.237270788669788235e-01	1.042530161575514203e-01	-4.235239660370539450e-01	-2.463681034295019390e-01	-9.896257299603103408e-02
-3.237314805497980008e-01	1.042920475922441831e-01	-4.235240437692634474e-01	-2.463557535205258830e-01	-9.896401161709447725e-02
-3.237413713415329131e-01	1.042549741287608772e-01	-4.235188436019007852e-01	-2.464362882585511560e-01	-9.896439692886374595e-02
-3.237314605420390512e-01	1.041710512968374303e-01	-4.235343666575709931e-01	-2.463618731832750708e-01	-9.895082058727937280e-02
-3.237286849874403405e-01	1.042163328645612091e-01	-4.234837968502471739e-01	-2.463495659528472104e-01	-9.896213329210781784e-02
-3.237360833154740991e-01	1.042530529130941824e-01	-4.235225895104446914e-01	-2.463216375950752768e-01	-9.896849962559081670e-02
-3.236574798281440790e-01	1.042211961547008098e-01	-4.235277322308201309e-01	-2.463647240802619709e-01	-9.896931182548149297e-02
-3.237461669184434898e-01	1.042314139918060628e-01	-4.235775843033871557e-01	-2.463586782414472764e-01	-9.897123268140813057e-02
-3.236805615817968107e-01	1.042079454820670353e-01	-4.235424276193914817e-01	-2.463567722336471033e-01	-9.896216116122980022e-02
-3.237997281495210156e-01	1.042209239769071594e-01	-4.235272847487702719e-01	-2.463596583072983348e-01	-9.896236979183027638e-02
-3.237715944483995356e-01	1.042015788727392589e-01	-4.235353201271194745e-01	-2.463709877498457268e-01	-9.894846981282352794e-02
-3.237352958945405867e-01	1.042781487304888094e-01	-4.235150273201346294e-01	-2.463888080464697039e-01	-9.901179822809810793e-02
-3.237677219507562043e-01	1.043024811287972253e-01	-4.235177800083881339e-01	-2.463552069093551677e-01	-9.896951448240542959e-02
-3.237326515452435549e-01	1.042609806852703297e-01	-4.235306202656599628e-01	-2.463480644340566017e-01	-9.893957724905075302e-02
-3.237149954605087476e-01	1.041994816704476662e-01	-4.235245985694612303e-01	-2.463567764037799812e-01	-9.896528551753465408e-02
-3.237741379576311584e-01	1.042494765398894185e-01	-4.235220133652513042e-01	-2.463597428861812877e-01	-9.895974102936053174e-02
-3.237340427571521739e-01	1.042297572806025890e-01	-4.235033838887555246e-01	-2.463601109914604070e-01	-9.896551380993963420e-02
-3.237315138170019924e-01	1.042307633392857702e-01	-4.234943480677517136e-01	-2.463257940113114386e-01	-9.895058373660814421e-02
-3.236952956021068584e-01	1.042295875802137228e-01	-4.235048656467129691e-01	-2.463557402755963410e-01	-9.896583974808405293e-02
-3.237610090483395986e-01	1.042290131439075340e-01	-4.235274755751315401e-01	-2.463528529012228296e-01	-9.897486304098468413e-02
-3.237351737375906424e-01	1.042589029278828405e-01	-4.235254001538265034e-01	-2.463561188442703331e-01	-9.895651443600979313e-02
-3.236419054747173285e-01	1.042286022274892671e-01	-4.235153527170185672e-01	-2.463580476540372655e-01	-9.896293927149092673e-02
-3.238116393836830142e-01	1.042414429157660360e-01	-4.235242097696839680e-01	-2.463578562569161412e-01	-9.896421075406441892e-02
-3.236944634339797844e-01	1.042304626018605573e-01	-4.235565752964426389e-01	-2.463577918697470170e-01	-9.896264260588157058e-02
-3.237917439835263922e-01	1.042689395231718580e-01	-4.235153508396152788e-01	-2.463691840291931390e-01	-9.896146212462782199e-02
-3.236465855007099601e-01	1.042153019487249282e-01	-4.235243340602298234e-01	-2.463616289986910457e-01	-9.895927864151708719e-02
-3.237186822527874930e-01	1.041634951481552190e-01	-4.235149947018869709e-01	-2.463587913158784837e-01	-9.896229872996342714e-02
-3.237125872789848868e-01	1.041727987202980821e-01	-4.235238399789516550e-01	-2.463544980638820159e-01	-9.896259155095560311e-02
-3.237647533634231412e-01	1.041462911211881448e-01	-4.235238072040033996e-01	-2.463586074090532152e-01	-9.896251945660528015e-02
-3.237567109264776199e-01	1.042304906750745608e-01	-4.235253115371541699e-01	-2.463595010808025121e-01	-9.895884176944776123e-02
-3.237367746863282214e-01	1.041553114644816896e-01	-4.235192832915024574e-01	-2.463621203441493379e-01	-9.896361172448929489e-02
-3.237798633783389168e-01	1.042228030413819145e-01	-4.235091807142371545e-01	-2.463583349769582764e-01	-9.896825855799140648e-02
-3.236521959760120803e-01	1.042245537821569479e-01	-4.235282605679175361e-01	-2.463580743873554635e-01	-9.896207542599501361e-02
-3.237623781889241159e-01	1.042016073292328510e-01	-4.234877384591962945e-01	-2.463182879860390528e-01	-9.896336034777561408e-02
-3.236620905533001968e-01	1.042324025893493211e-01	-4.235240701566276300e-01	-2.463589034130943822e-01	-9.896267852641901785e-02
-3.237422826428330569e-01	1.043252900228648639e-01	-4.235241177375088095e-01	-2.463587760852422037e-01	-9.896176595312547453e-02
-3.237595663913735433e-01	1.042323250025530279e-01	-4.235162886607299892e-01	-2.463604232743200340e-01	-9.897478961918851348e-02
-3.236704954442064519e-01	1.042193443877435094e-01	-4.235913478066535287e-01	-2.463577006784864465e-01	-9.896195071402552612e-02
-3.236895049593275231e-01	1.042062519409601984e-01	-4.235245018517085902e-01	-2.463590122884449229e-01	-9.896260346035837263e-02
-3.236471162893942433e-01	1.042292516711289529e-01	-4.235401353149891301e-01	-2.463592552586897910e-01	-9.896224296745063931e-02
-3.237313777765781220e-01	1.042404262461917031e-01	-4.234784860353328351e-01	-2.463585349509467837e-01	-9.897830089314850477e-02
-3.237539539596223093e-01	1.042329041795752448e-01	-4.235083656032886390e-01	-2.463583019123770645e-01	-9.893040052843128651e-02
-3.237449631265467698e-01	1.042260495365830569e-01	-4.235264174811204652e-01	-2.463584327224566939e-01	-9.896449005279817079e-02
-3.237910583460160141e-01	1.042316611179326391e-01	-4.235230709868539334e-01	-2.463856836845309817e-01	-9.896776567300806515e-02
-3.236995886851697368e-01	1.042300584501026223e-01	-4.235327782788902429e-01	-2.463675341303344923e-01	-9.896251597909522246e-02
-3.237239539369318186e-01	1.042068365691680570e-01	-4.235112765677017665e-01	-2.463611014343071171e-01	-9.895821326741584267e-02
-3.237272941476846966e-01	1.042256676553599409e-01	-4.235181728791536648e-01	-2.463608529460727392e-01	-9.896189976062938487e-02
-3.236851822608842189e-01	1.042258014000226607e-01	-4.235619949221400282e-01	-2.463595292556372274e-01	-9.896069047091821114e-02
-3.237360572754905408e-01	1.042420153514474757e-01	-4.235640255112405606e-01	-2.463661657597222554e-01	-9.896490908716551460e-02
-3.237300562614318089e-01	1.042776561970806121e-01	-4.235240346762095265e-01	-2.463605753346123917e-01	-9.896301331673672264e-02
-3.237473826740094873e-01	1.042309269758960599e-01	-4.235111574821178171e-01	-2.463673989247390506e-01	-9.896249161937252514e-02
-3.238009196218110120e-01	1.042286769104417560e-01	-4.235196326761435648e-01	-2.463570583345227050e-01	-9.892557527273272699e-02
-3.237309891370221404e-01	1.042383710992544205e-01	-4.234890498669670045e-01	-2.463567035439685193e-01	-9.896355789599252384e-02
-3.236630126540486208e-01	1.042457809923628409e-01	-4.235215102391057251e-01	-2.463584171812318591e-01	-9.896257374551159502e-02
-3.237062054483909046e-01	1.042032641901493306e-01	-4.234916123163246504e-01	-2.463603462889780438e-01	-9.890911577122216136e-02
-3.237256519949963662e-01	1.042396354942221604e-01	-4.234796309514442525e-01	-2.463734916687118914e-01	-9.897269328804830790e-02
-3.237364813254218210e-01	1.042213942878348620e-01	-4.235444308340620134e-01	-2.463564576590332178e-01	-9.900116343448410461e-02
-3.237213617169713564e-01	1.042993173924995770e-01	-4.235084603510497203e-01	-2.463593179271369726e-01	-9.896509283572181570e-02
-3.237169577186325697e-01	1.042179733944327141e-01	-4.235361189505711943e-01	-2.463567321838561197e-01	-9.893547686139039787e-02
-3.237260553421260623e-01	1.042823047967506439e-01	-4.235282196388021059e-01	-2.463568417292098800e-01	-9.896244770855805450e-02
-3.237475421891561345e-01	1.042396768467467871e-01	-4.235162699641797923e-01	-2.463589829029018685e-01	-9.896210204868066684e-02
-3.237614996938634193e-01	1.042540882308552047e-01	-4.235189860641082604e-01	-2.463574899053259659e-01	-9.896417338002946873e-02
-3.237317349938284572e-01	1.042707440628996562e-01	-4.234991983041309638e-01	-2.463682353216841425e-01	-9.895773394054158123e-02
-3.237156749129083688e-01	1.042016023916379347e-01	-4.235116250127303195e-01	-2.463302591436190014e-01	-9.895999599827730309e-02
-3.237331555042960995e-01	1.043111241688008256e-01	-4.235152603627936330e-01	-2.463581277691210547e-01	-9.896009302090084947e-02
-3.237181289096536796e-01	1.042139120867153629e-01	-4.234989295383871366e-01	-2.463212990243190681e-01	-9.892118411546559076e-02
-3.236990757132109375e-01	1.041769901056078113e-01	-4.235212481979072630e-01	-2.463696917180109025e-01	-9.896199342468464666e-02
-3.237643127183325586e-01	1.041902917593653943e-01	-4.235402595639760071e-01	-2.463677657537364230e-01	-9.894721255326127674e-02
-3.236822199497729757e-01	1.042249609757416040e-01	-4.235438989236069984e-01	-2.463476288483747445e-01	-9.897330210796950745e-02
-3.237325515664803977e-01	1.042077833928882341e-01	-4.235265947539960663e-01	-2.463587961147096217e-01	-9.896264723321350487e-02
-3.237376657476824793e-01	1.041839635685728738e-01	-4.235583681031147019e-01	-2.463598018555796243e-01	-9.896258006756795955e-02
-3.237083948602359484e-01	1.041928796857276296e-01	-4.235760070131008859e-01	-2.463579506764134452e-01	-9.896230388975120473e-02
-3.237464831029892021e-01	1.042878386537255675e-01	-4.235269606579912249e-01	-2.463583017468541358e-01	-9.896355024117399479e-02
-3.237787993257394414e-01	1.042009179853565226e-01	-4.235539880330670415e-01	-2.463582817636114364e-01	-9.899845478532381948e-02
-3.237583625571345269e-01	1.042401662118948441e-01	-4.235399201609771347e-01	-2.463772364723930686e-01	-9.895880808603790824e-02
-3.237344793376779051e-01	1.041624706333468542e-01	-4.235243467725371969e-01	-2.463570492078532292e-01	-9.896231751700387824e-02
-3.236900797003641195e-01	1.042187219588524005e-01	-4.235301143919133482e-01	-2.463542517858881564e-01	-9.897640352412034881e-02
-3.237034765237607470e-01	1.042210387288556583e-01	-4.235184972800240533e-01	-2.463652045672935220e-01	-9.897228411409257631e-02
-3.237190324257805951e-01	1.042611807974489629e-01	-4.235194936921364839e-01	-2.463736979903604352e-01	-9.897565804154291602e-02
-3.238161920386767312e-01	1.042296667299320995e-01	-4.235235482787420569e-01	-2.463588128882449879e-01	-9.896193276458739585e-02
-3.238067385312560775e-01	1.042659765825297291e-01	-4.235378537765448481e-01	-2.463498944834179583e-01	-9.895662983902028809e-02
-3.237594106831291341e-01	1.042384270667315732e-01	-4.235698470763618051e-01	-2.463584910350654078e-01	-9.897837959746291769e-02
-3.237034897496244290e-01	1.042427555037490905e-01	-4.235254499600193956e-01	-2.463432150162096490e-01	-9.896226491921039647e-02
-3.237433341394786446e-01	1.041723346248630416e-01	-4.235284119442655482e-01	-2.463585904427371964e-01	-9.896251478916529010e-02
-3.236985071780458245e-01	1.042285343451321566e-01	-4.235248208587553131e-01	-2.463576932492848870e-01	-9.896238749227445619e-02
-3.237154702932730221e-01	1.042363008110299416e-01	-4.235445903793027544e-01	-2.463380831617497380e-01	-9.897031082516090372e-02
-3.237050128717584574e-01	1.042280907358390657e-01	-4.235230586778079842e-01	-2.463586670423988101e-01	-9.896214827592923757e-02
-3.237061366073168966e-01	1.042342027319839576e-01	-4.234606500186919309e-01	-2.463871660817170406e-01	-9.896636360120969478e-02
-3.237231493051204723e-01	1.042091480174907880e-01	-4.235004821707961664e-01	-2.463497275262902519e-01	-9.896341481562302700e-02
-3.237275209468036818e-01	1.042255664599974901e-01	-4.235267374022149700e-01	-2.463576262899122293e-01	-9.896418341588807122e-02
-3.237382977175389254e-01	1.042004556645514807e-01	-4.235301786548189007e-01	-2.463579986175455094e-01	-9.896885810709793452e-02
-3.237602725659378677e-01	1.042656347464419458e-01	-4.235194760464405794e-01	-2.463785431516637148e-01	-9.896986578648403476e-02
-3.237251735475195624e-01	1.042327564512404575e-01	-4.235334098633403155e-01	-2.463580891441432830e-01	-9.894461098735574112e-02
-3.237084833107001791e-01	1.042275456020081981e-01	-4.235180525166937771e-01	-2.463458936526371490e-01	-9.897279847604802117e-02
-3.237724193887482338e-01	1.042781353164443231e-01	-4.235210056680298041e-01	-2.463867024502003344e-01	-9.895308554129353396e-02
-3.237716692663635265e-01	1.042304033269950969e-01	-4.235273409763231078e-01	-2.463564796638727239e-01	-9.897104906326555096e-02
-3.236732483274243899e-01	1.042051251085408942e-01	-4.235048926650058498e-01	-2.463520404324603119e-01	-9.896293703779031337e-02
-3.237137427508315901e-01	1.042258229623661131e-01	-4.235655311045214422e-01	-2.463987449207815095e-01	-9.895401191249364459e-02
-3.237583447694257766e-01	1.041902804725500786e-01	-4.235235126543669404e-01	-2.463571785155296567e-01	-9.896151719052047324e-02
-3.236820960564356642e-01	1.042101360815990280e-01	-4.234571164620520856e-01	-2.463794135347871506e-01	-9.895096283385353131e-02
-3.236867844829882102e-01	1.042119437700312345e-01	-4.235289207329114292e-01	-2.463705911583866648e-01	-9.896928355116575704e-02
-3.236710287338976366e-01	1.042529610039885785e-01	-4.235237666495414999e-01	-2.463616346332506979e-01	-9.894908864807472337e-02
-3.237447990823026922e-01	1.041523483536766354e-01	-4.235250000603809628e-01	-2.463586519641875194e-01	-9.896243780838429038e-02
-3.237229635429512142e-01	1.042463755729992475e-01	-4.235224790342650980e-01	-2.463594138818189228e-01	-9.896294365801221182e-02
-3.237574853641230210e-01	1.042310518368041866e-01	-4.235257509155726519e-01	-2.463583143000972753e-01	-9.896307430040988951e-02
-3.236608239625446415e-01	1.042386761106180587e-01	-4.234784323964589925e-01	-2.463633573167186286e-01	-9.895705657976713865e-02
-3.237296708723830241e-01	1.042282859256969396e-01	-4.235358383440169794e-01	-2.463591244973815653e-01	-9.896217347470663561e-02
-3.237747865792834912e-01	1.042286838549233013e-01	-4.235281950191603917e-01	-2.463582972273409555e-01	-9.896228606558976626e-02
-3.236541325831721605e-01	1.042279171089629530e-01	-4.235239225994784085e-01	-2.463586283440847291e-01	-9.896243231893725456e-02
-3.237132857149848109e-01	1.042282805530905104e-01	-4.235263670524355706e-01	-2.463562805117708865e-01	-9.896125495735362543e-02
-3.237124710351113044e-01	1.042289090830314513e-01	-4.235230520819072697e-01	-2.463582837558177807e-01	-9.896244671548679039e-02
-3.238152954479592838e-01	1.042272381746140453e-01	-4.235237791394000362e-01	-2.463586524695009494e-01	-9.896241072960809682e-02
-3.236892125618190397e-01	1.042504958633627410e-01	-4.235314686519632277e-01	-2.463496358767393868e-01	-9.896463523553043762e-02
-3.236844198381499393e-01	1.042247517571191356e-01	-4.235091364939261305e-01	-2.463575827407266106e-01	-9.896601260382556497e-02
-3.236755037172391880e-01	1.042475121837603963e-01	-4.234876776559984846e-01	-2.463626865321840997e-01	-9.895566816996900772e-02
-3.237358882981700714e-01	1.042410994127435236e-01	-4.235233414396259444e-01	-2.463581623497660411e-01	-9.895781730718183899e-02
-3.237352954053322462e-01	1.042293224612164254e-01	-4.235265148649526856e-01	-2.463548517853631215e-01	-9.891681272567252881e-02
-3.237547612172054778e-01	1.042159481439810520e-01	-4.235241295053933652e-01	-2.463586618910749149e-01	-9.896293600269996660e-02
-3.237190218007671150e-01	1.042339602601701359e-01	-4.235371095184302104e-01	-2.463601616755302093e-01	-9.894850412825743902e-02
-3.237036798381923708e-01	1.042153792688098463e-01	-4.235411331346718988e-01	-2.463585812876555592e-01	-9.896301277075521263e-02
-3.236573914402821051e-01	1.042443779413619459e-01	-4.235155816709235133e-01	-2.463591200475810372e-01	-9.896201999143633410e-02
-3.237405585174970013e-01	1.042690164155931076e-01	-4.235261713024593422e-01	-2.463590617485779677e-01	-9.896219113735155171e-02
-3.237325239842498981e-01	1.041782444763283688e-01	-4.235199034428639431e-01	-2.463593167803728723e-01	-9.896150375766145368e-02
-3.236471974560168885e-01	1.042498382993751888e-01	-4.235241527345369739e-01	-2.463616987008463988e-01	-9.896070007823216941e-02
-3.236668789108605448e-01	1.041799537279063520e-01	-4.235520479092243495e-01	-2.463556912401394239e-01	-9.896814121307503931e-02
-3.237222549481827416e-01	1.041873840460151857e-01	-4.235717821499192515e-01	-2.463597106335579101e-01	-9.895749082895917426e-02
-3.237541462974695694e-01	1.042278429193149863e-01	-4.235239840213949614e-01	-2.463586276751784099e-01	-9.896232798807999553e-02
-3.237519646178146360e-01	1.042100104283303630e-01	-4.235413171226173334e-01	-2.463822703852853180e-01	-9.894726268998003949e-02
-3.237404976681269586e-01	1.042281582554324820e-01	-4.235218630541097151e-01	-2.463793089125004832e-01	-9.896018686090442273e-02
-3.237440503104981881e-01	1.042479822549993579e-01	-4.235508404443033004e-01	-2.463772752515857034e-01	-9.896395411455050084e-02
-3.237030433707058785e-01	1.042642403340562629e-01	-4.235293121683499917e-01	-2.463580726819041833e-01	-9.896220802562291641e-02
-3.237177805747824544e-01	1.042265242986700341e-01	-4.234929152551859532e-01	-2.463759553232603983e-01	-9.896886643539584694e-02
-3.237583518562123230e-01	1.042080254771630549e-01	-4.235316503445022973e-01	-2.463677636700400686e-01	-9.895441126829040979e-02
-3.236651492999595980e-01	1.042404221913569295e-01	-4.235276070640512369e-01	-2.463302848541213674e-01	-9.896348231345229729e-02
-3.237117624933986693e-01	1.042242844522071332e-01	-4.235228256404013347e-01	-2.463579872623968547e-01	-9.894880811306012991e-02
-3.237895826960025536e-01	1.042267009505928738e-01	-4.235109279974336727e-01	-2.463614857251896217e-01	-9.896230793697972927e-02
-3.237322056387935687e-01	1.042782316648316471e-01	-4.235047601851290588e-01	-2.463505033042985293e-01	-9.895965884301159698e-02
-3.236983242962354068e-01	1.041714499116511150e-01	-4.235567001726084913e-01	-2.463752165899550095e-01	-9.895639766553236683e-02
-3.236937622214373644e-01	1.042138477122235840e-01	-4.235396909144267807e-01	-2.463467719717800097e-01	-9.897147616077096866e-02
-3.238081540786910129e-01	1.042018526609443940e-01	-4.235214082083016418e-01	-2.463583750786104143e-01	-9.896234456222617604e-02
-3.237060333321690742e-01	1.042241752420538375e-01	-4.234809451061881114e-01	-2.463706571847273930e-01	-9.895875041630625146e-02
-3.236571363128563639e-01	1.042541210337387253e-01	-4.234983962176484540e-01	-2.463586097523631779e-01	-9.896201678375768362e-02
-3.237622980195298261e-01	1.042035004242515134e-01	-4.235357749051070764e-01	-2.463629670776036062e-01	-9.895901134476997596e-02
-3.237326607053739314e-01	1.042206850176603111e-01	-4.235241707877517303e-01	-2.463587074016973244e-01	-9.896433949835214960e-02
-3.237022731956039623e-01	1.042565941084353937e-01	-4.235221208573304308e-01	-2.463424618452786374e-01	-9.897188347214627702e-02
-3.237191775396680571e-01	1.042684638575946121e-01	-4.235344526422686329e-01	-2.463752781331041974e-01	-9.896263534444597887e-02
-3.237303799764645329e-01	1.041899740852177958e-01	-4.235251084598762872e-01	-2.463882257666274445e-01	-9.892946801720334249e-02
-3.236856938774624326e-01	1.042140850748480285e-01	-4.234798054146983182e-01	-2.463187066190170027e-01	-9.896412408121549320e-02
-3.237984020986248712e-01	1.042227574433053361e-01	-4.235192497766862019e-01	-2.463429991283503095e-01	-9.896405089809438838e-02
-3.238038560473819327e-01	1.041769412222984942e-01	-4.235160243690814230e-01	-2.463585003268494167e-01	-9.895006698142859436e-02
-3.237335470672819127e-01	1.041937249348001970e-01	-4.235240909726761815e-01	-2.463566170267524891e-01	-9.895903040467751710e-02
-3.237601581682048590e-01	1.041993879835562131e-01	-4.235049702732675558e-01	-2.463539643096371579e-01	-9.895491193084263171e-02
-3.236729308114870141e-01	1.042275188458906404e-01	-4.235256616842693611e-01	-2.463570794557192745e-01	-9.896676969239011357e-02
-3.237821719174344137e-01	1.042291092970545618e-01	-4.235225555333122505e-01	-2.463603654577371516e-01	-9.896402053203530447e-02
-3.237186701017258916e-01	1.041681158157939519e-01	-4.235339635197095665e-01	-2.463590699515334770e-01	-9.893322251014273483e-02
-3.237162132317056296e-01	1.042210342463979339e-01	-4.235196536336723883e-01	-2.463590328448981848e-01	-9.896248280665594088e-02
-3.237267763101642215e-01	1.042031196284969596e-01	-4.235049258625092072e-01	-2.463560308998171411e-01	-9.896299144910218615e-02
-3.237891262073844256e-01	1.042676016062915184e-01	-4.235224608185236272e-01	-2.463591087438043170e-01	-9.896575014014873106e-02
-3.237759866896213201e-01	1.042279564831918026e-01	-4.235240594878003639e-01	-2.463585111943042139e-01	-9.896215053137913387e-02
-3.237260300724554840e-01	1.042427791608364074e-01	-4.234700439531002836e-01	-2.463651869455027177e-01	-9.896558111297812377e-02
-3.237183448148550080e-01	1.041622466972717403e-01	-4.235114464732817052e-01	-2.463744696447011939e-01	-9.897895987352038627e-02
-3.237767647444975139e-01	1.042451507139215139e-01	-4.235277727045095308e-01	-2.463614337068602556e-01	-9.897454056204935124e-02
-3.236784378657210359e-01	1.042025411611535307e-01	-4.235126312685955074e-01	-2.463557844280623021e-01	-9.896357798137996042e-02
-3.237143398455163412e-01	1.042099450265236288e-01	-4.235196298825222305e-01	-2.463751598898350770e-01	-9.896073069321414950e-02
-3.237795043603811651e-01	1.042320395281343820e-01	-4.235439027758264308e-01	-2.463574748283839932e-01	-9.896227550742772716e-02
-3.236608255937828971e-01	1.042357124564212284e-01	-4.235238487135080665e-01	-2.463608493304380032e-01	-9.896590705640852248e-02
-3.237360483971921665e-01	1.042081657892995755e-01	-4.234536536163132636e-01	-2.463610021859223287e-01	-9.896151378801908149e-02
-3.236968630654171175e-01	1.042195337689494350e-01	-4.235320689785411763e-01	-2.463419791357156219e-01	-9.897915871942641886e-02
-3.237091731534957328e-01	1.042190634914594433e-01	-4.235226273695538168e-01	-2.463537901375232875e-01	-9.896027524101440320e-02
-3.237078389223683184e-01	1.041947522529431958e-01	-4.235414829840731810e-01	-2.463700134607846870e-01	-9.895576823313860515e-02
-3.237424294307396644e-01	1.042335633978535708e-01	-4.235247949966828851e-01	-2.463640438116078135e-01	-9.895527531246227360e-02
-3.237708746811690519e-01	1.042472305647419578e-01	-4.235337622271617697e-01	-2.463683314643146105e-01	-9.895353836031992034e-02
-3.238033123937501534e-01	1.042055253399763737e-01	-4.235262811708002673e-01	-2.463661982594682331e-01	-9.896283800477492787e-02
-3.236812694250195133e-01	1.042260930035242839e-01	-4.235240179857760467e-01	-2.463583270951509030e-01	-9.896241952937136210e-02
-3.236875707819575343e-01	1.042329986635698313e-01	-4.235277116383462381e-01	-2.463558062373700230e-01	-9.896060017379997020e-02
-3.236825444312058653e-01	1.042203423317280414e-01	-4.235215597498812601e-01	-2.463522088748627270e-01	-9.896172339582177957e-02
-3.237329717943231433e-01	1.041929028518993189e-01	-4.235510317416584791e-01	-2.463596145828544359e-01	-9.895570695336965150e-02
-3.236997192430260406e-01	1.042322170311756196e-01	-4.235227614100676163e-01	-2.463587530040461104e-01	-9.896209364456910740e-02
