 [<|lnB|>_1, <|lnB|>_2, ...] = [0.         5.83118331 2.61645608 3.12052806 1.29858511 5.85486372
 2.29337364 3.52346314 4.84315884 2.09422499 0.         6.03315303
 3.29178147 5.50226505 1.57234304 4.5178623  5.78341626 4.5756836
 3.90686228 0.         4.74750522 2.30889437 6.45888174 2.63999354
 3.83609054 3.7797777  3.16560734 0.         2.92655839 3.59636375
 3.36901305 3.4212052  4.49718419 1.63410483 0.         6.01801051
 1.71434563 3.06919268 4.69144854 1.9553687  0.         5.5073705
 6.4037346  4.79310609 4.26111715 0.         3.53886526 3.93987491
 2.07659742 0.         4.24667373 2.70281001 0.         3.46635567
 0.        ]
 [DECI_1, DECI_2, ...] = [0.    0.338 0.139 0.161 0.016 0.316 0.116 0.236 0.327 0.087 0.    0.304
 0.18  0.292 0.045 0.231 0.366 0.284 0.212 0.    0.284 0.111 0.317 0.131
 0.243 0.218 0.175 0.    0.157 0.215 0.198 0.196 0.289 0.066 0.    0.321
 0.06  0.182 0.304 0.089 0.    0.303 0.381 0.288 0.229 0.    0.239 0.259
 0.099 0.    0.252 0.146 0.    0.212 0.   ]
<DKL> = 2.5967297410486188
 [<|lnB|_ML>_1, <|lnB|_ML>_2, ...] = [0.         2.27551777 1.32997539 0.98116774 0.63518536 2.22989257
 1.12817666 1.77495675 2.55417168 0.74437562 0.         2.28611797
 1.26371843 2.03492669 0.68346611 1.50354691 2.51906458 1.84762291
 1.35672532 0.         1.84032008 1.0434939  2.49741289 1.12523498
 1.66313971 1.39041424 1.13707179 0.         0.90085466 1.37728144
 1.18721398 1.5922016  2.50298033 0.54330213 0.         2.29665989
 0.7519041  1.37313882 2.34600592 0.61043541 0.         1.9408866
 2.89179954 1.92589465 1.4657124  0.         1.88279201 1.94635845
 0.81234605 0.         2.5840394  1.43212585 0.         1.93845139
 0.        ]
 [r_ML|_1, r_ML|_2, ...] = [0.59  0.486 0.536 0.536 0.564 0.504 0.535 0.533 0.514 0.545 0.573 0.495
 0.517 0.488 0.557 0.511 0.485 0.525 0.512 0.584 0.507 0.542 0.505 0.535
 0.526 0.55  0.529 0.575 0.535 0.525 0.524 0.523 0.514 0.546 0.581 0.498
 0.543 0.533 0.516 0.543 0.601 0.513 0.49  0.542 0.522 0.581 0.516 0.528
 0.536 0.607 0.527 0.528 0.641 0.526 0.572]
 [< (|lnB|_1 - <|lnB|>_1)^2 >, < (|lnB|_2 - <|lnB|>_2)^2 >, ...] = [  0.         108.31317576  10.23407816  34.81526793   1.91015471
 125.77802092   7.05779174  19.47078888  32.79407369  11.22880248
   0.         151.56483754  23.3492901  112.0465868    3.14772706
  89.15502841  74.40426866  49.43359019  51.45961528   0.
  64.66309306   7.1949983  173.40329564  11.88525999  27.49508076
  34.65787331  28.8824845    0.          37.7392123   32.89473194
  26.99258115  21.84040735  27.27267249   7.36672793   0.
 131.86013564   4.13009687  14.09260196  32.43079591  12.42138086
   0.         106.03105512  95.07375671  62.40988816  64.43617314
   0.          17.74240693  19.208549     8.32286711   0.
  32.24629056  12.17171498   0.          16.17479156   0.        ]
 [< (|lnB|_1 - <|lnB|>_1_ML)^2 >_ML, < (|lnB|_2 - <|lnB|>_2_ML)^2 >_ML, ...] = [0.         4.15756791 1.28612249 0.85927848 0.19735817 4.61473435
 0.88884815 2.04581921 4.26017521 0.32934252 0.         6.05897401
 1.00169856 3.88899952 0.24838643 2.61612292 4.11687088 1.99609811
 1.46372798 0.         2.45801252 0.62335762 7.05914593 0.78431656
 1.94952623 1.21461437 0.9353615  0.         0.97281542 1.20009931
 0.88110931 1.57768298 4.1917873  0.17493508 0.         4.74770775
 0.37285124 1.17173199 3.47720215 0.29708306 0.         3.27249907
 5.92981911 2.47804268 1.65334872 0.         2.55559917 2.03491638
 0.53563541 0.         6.9647959  1.49149402 0.         2.39642692
 0.        ]
 [DECI_1|_ML, DECI_2|_ML, ...] = [0.         0.12840467 0.00646552 0.         0.         0.11491935
 0.         0.0385439  0.1255144  0.         0.         0.14455446
 0.         0.09765625 0.         0.06543967 0.13009709 0.04210526
 0.00614754 0.         0.05679513 0.         0.15555556 0.
 0.03375527 0.00666667 0.00212314 0.         0.         0.00421053
 0.         0.01467505 0.11934156 0.         0.         0.12549801
 0.         0.00428266 0.08677686 0.         0.         0.08829569
 0.16862745 0.06113537 0.0251046  0.         0.05991736 0.04237288
 0.         0.         0.13319239 0.01694915 0.         0.05063291
 0.        ]
< (DKL-<DKL>)^2 > = 2.3120741833053002